@ ROUT, 0 : "157", 0, "1", 0, 0, "", 1, 18, -1, 0, 0, 0, 0, 0, 0, 0, 0, 0, 0, 0, 0, 0, 0, 0, 0, 0, 0, 0, 1, 0, 0, 0, 0, 1, 0, 0, 0, 0, 0, 1, 0, -1, 0, 5000, 18000, 0, 8000, "157", 103, 1, 0, 0, 90, 0, 0, 0, 0, 0, 0, 90, 0, 0, 0, 0, 0, 0, 0, 0, 0, 0, "", 0, 0, 0, 0, 0, 0, 0, 0, 0, "", 5, 0, 20, 80, 60, 0, "", "", "ROUT", 0, 1, 1, 0, 0, 0, 0, 0, 0, 0, 0, 0, 0, 0, 0, 0, 0, 2000, 0, 0.1, 0, 0, 0, 1, 110
  @ START_POINT, 0 : RAMX+OBV0, h0+50, 0
  @ LINE_EP, 0 : RAMX+OBV0, h0+15, 0, T_9, 0, 0, 0, 0, 0
  @ LINE_EP, 0 : RAMX+OBV0, h0, 0, 0, 0, 0, 0, 0, 0
  @ ARC_EPRA, 0 : lpx-(RAMX+OBV0), h0, rRr+OBV0, 2, 0, 0, 0, 0, 0, 1
  @ LINE_EP, 0 : lpx-(RAMX+OBV0), lpy-h0, 0, 0, 0, 0, 0, 0, 0
  @ ARC_EPRA, 0 : RAMX+OBV0, lpy-h0, rRr+OBV0, 2, 0, 0, 0, 0, 0, 0
  @ LINE_EP, 0 : RAMX+OBV0, h0+10, 0, 0, 0, 0, 0, 0, 0
  @ LINE_EP, 0 : RAMX+OBV0, h0+5, 0, -1, 0, 0, 0, 0, 0
  @ ENDPATH, 0 :
  
@ ROUT, 0 : "150", 0, "1", 0, 0, "", 1, 18, -1, 0, 0, 0, 0, 0, 0, 0, 0, 0, 0, 0, 0, 0, 0, 0, 0, 0, 0, 0, 1, 0, 0, 0, 0, 1, 0, 0, 0, 0, 0, 1, 0, -1, 0, 5000, 18000, 0, 8000, "150", 103, 1, 0, 0, 90, 0, 0, 0, 0, 0, 0, 90, 0, 0, 0, 0, 0, 0, 0, 0, 0, 0, "", 0, 0, 0, 0, 0, 0, 0, 0, 0, "", 5, 0, 20, 80, 60, 0, "", "", "ROUT", 0, 1, 1, 0, 0, 0, 0, 0, 0, 0, 0, 0, 0, 0, 0, 0, 0, 2000, 0, 0.1, 0, 0, 0, 1, 110
  @ START_POINT, 0 : RAMX+OBV3, lpy/2+5, 0
  @ LINE_EP, 0 : RAMX+OBV3, h3, T_9, 0, 0, 0, 0, 0, 0
  @ ARC_EPRA, 0 : lpx-(RAMX+OBV3), h3, rRr+OBV3, 2, 0, 0, 0, 0, 0, 1
  @ LINE_EP, 0 : lpx-(RAMX+OBV3), lpy-h3, 0, 0, 0, 0, 0, 0, 0
  @ ARC_EPRA, 0 : RAMX+OBV3, lpy-h3, rRr+OBV3, 2, 0, 0, 0, 0, 0, 0
  @ LINE_EP, 0 : RAMX+OBV3, lpy/2-5, 0, 0, 0, 0, 0, 0, 0
  @ LINE_EP, 0 : RAMX+OBV3, lpy/2-15, 0, -1, 0, 0, 0, 0, 0
  @ ENDPATH, 0 :
  
@ ROUT, 0 : "150", 0, "1", 0, 0, "", 1, 18, -1, 0, 0, 0, 0, 0, 0, 0, 0, 0, 0, 0, 0, 0, 0, 0, 0, 0, 0, 0, 1, 0, 0, 0, 0, 1, 0, 0, 0, 0, 0, 1, 0, -1, 0, 5000, 18000, 0, 8000, "150", 103, 1, 0, 0, 90, 0, 0, 0, 0, 0, 0, 90, 0, 0, 0, 0, 0, 0, 0, 0, 0, 0, "", 0, 0, 0, 0, 0, 0, 0, 0, 0, "", 5, 0, 20, 80, 60, 0, "", "", "ROUT", 0, 1, 1, 0, 0, 0, 0, 0, 0, 0, 0, 0, 0, 0, 0, 0, 0, 2000, 0, 0.1, 0, 0, 0, 1, 110
  @ START_POINT, 0 : RAMX+OBV5, lpy/2+5, 0
  @ LINE_EP, 0 : RAMX+OBV5, h5, T_3, 0, 0, 0, 0, 0, 0
  @ ARC_EPRA, 0 : lpx-(RAMX+OBV5), h5, rRr+OBV5, 2, 0, 0, 0, 0, 0, 1
  @ LINE_EP, 0 : lpx-(RAMX+OBV5), lpy-h5, 0, 0, 0, 0, 0, 0, 0
  @ ARC_EPRA, 0 : RAMX+OBV5, lpy-h5, rRr+OBV5, 2, 0, 0, 0, 0, 0, 0
  @ LINE_EP, 0 : RAMX+OBV5, lpy/2-5, 0, 0, 0, 0, 0, 0, 0
  @ LINE_EP, 0 : RAMX+OBV5, lpy/2-15, 0, -1, 0, 0, 0, 0, 0
  @ ENDPATH, 0 :

' kray18
  
@ ROUT, 0 : "144", 0, "1", 0, 0, "", 1, 18, -1, 0, 0, 0, 0, 0, 0, 0, 0, 0, 0, 0, 0, 0, 0, 0, 0, 0, 0, 0, 1, 0, 0, 0, 0, 1, 0, 0, 0, 0, 0, 1, 0, -1, 0, 5000, 18000, 0, 8000, "144", 103, 1, 0, 0, 90, 0, 0, 0, 0, 0, 0, 90, 0, 0, 0, 0, 0, 0, 0, 0, 0, 0, "", 0, 0, 0, 0, 0, 0, 0, 0, 0, "", 5, 0, 20, 80, 60, 0, "", "", "ROUT", 0, 1, 1, 0, 0, 0, 0, 0, 0, 0, 0, 0, 0, 0, 0, 0, 0, 2000, 0, 0.1, 0, 0, 0, 1, 110
  @ START_POINT, 0 : RAMX+OBV4, lpy/2+5, 0
  @ LINE_EP, 0 : RAMX+OBV4, h4, T_9, 0, 0, 0, 0, 0, 0
  @ LINE_EP, 0 : RAMX+OBV4-10, g4, 0, -10, 0, 0, 0, 0, 0
  @ LINE_EP, 0 : RAMX+OBV4, h4, 0, 10, 0, 0, 0, 0, 0
  @ ARC_EPRA, 0 : lpx-(RAMX+OBV4), h4, rRr+OBV4, 2, 0, 0, 0, 0, 0, 1
  @ LINE_EP, 0 : lpx-(RAMX+OBV4)+10, g4, 0, -10, 0, 0, 0, 0, 0
  @ LINE_EP, 0 : lpx-(RAMX+OBV4), h4, 0, 10, 0, 0, 0, 0, 0
  @ LINE_EP, 0 : lpx-(RAMX+OBV4), lpy-h4, 0, 0, 0, 0, 0, 0, 0
  @ LINE_EP, 0 : lpx-(RAMX+OBV4)+10, lpy-g4, 0, -10, 0, 0, 0, 0, 0
  @ LINE_EP, 0 : lpx-(RAMX+OBV4), lpy-h4, 0, 10, 0, 0, 0, 0, 0
  @ ARC_EPRA, 0 : RAMX+OBV4, lpy-h4, rRr+OBV4, 2, 0, 0, 0, 0, 0, 0
  @ LINE_EP, 0 : RAMX+OBV4-10, lpy-g4, 0, -10, 0, 0, 0, 0, 0
  @ LINE_EP, 0 : RAMX+OBV4, lpy-h4, 0, 10, 0, 0, 0, 0, 0
  @ LINE_EP, 0 : RAMX+OBV4, lpy/2-5, 0, 0, 0, 0, 0, 0, 0
  @ LINE_EP, 0 : RAMX+OBV4, lpy/2-15, 0, -1, 0, 0, 0, 0, 0
  @ ENDPATH, 0 :
  
@ ROUT, 0 : "144", 0, "1", 0, 0, "", 1, 18, -1, 0, 0, 0, 0, 0, 0, 0, 0, 0, 0, 0, 0, 0, 0, 0, 0, 0, 0, 0, 1, 0, 0, 0, 0, 1, 0, 0, 0, 0, 0, 1, 0, -1, 0, 5000, 18000, 0, 8000, "144", 103, 1, 0, 0, 90, 0, 0, 0, 0, 0, 0, 90, 0, 0, 0, 0, 0, 0, 0, 0, 0, 0, "", 0, 0, 0, 0, 0, 0, 0, 0, 0, "", 5, 0, 20, 80, 60, 0, "", "", "ROUT", 0, 1, 1, 0, 0, 0, 0, 0, 0, 0, 0, 0, 0, 0, 0, 0, 0, 2000, 0, 0.1, 0, 0, 0, 1, 110
  @ START_POINT, 0 : RAMX+OBV6, lpy/2+5, 0
  @ LINE_EP, 0 : RAMX+OBV6, h6, T_3, 0, 0, 0, 0, 0, 0
  @ LINE_EP, 0 : RAMX+OBV6-10, g6, 0, -10, 0, 0, 0, 0, 0
  @ LINE_EP, 0 : RAMX+OBV6, h6, 0, 10, 0, 0, 0, 0, 0
  @ ARC_EPRA, 0 : lpx-(RAMX+OBV6), h6, rRr+OBV6, 2, 0, 0, 0, 0, 0, 1
  @ LINE_EP, 0 : lpx-(RAMX+OBV6)+10, g6, 0, -10, 0, 0, 0, 0, 0
  @ LINE_EP, 0 : lpx-(RAMX+OBV6), h6, 0, 10, 0, 0, 0, 0, 0
  @ LINE_EP, 0 : lpx-(RAMX+OBV6), lpy-h6, 0, 0, 0, 0, 0, 0, 0
  @ LINE_EP, 0 : lpx-(RAMX+OBV6)+10, lpy-g6, 0, -10, 0, 0, 0, 0, 0
  @ LINE_EP, 0 : lpx-(RAMX+OBV6), lpy-h6, 0, 10, 0, 0, 0, 0, 0
  @ ARC_EPRA, 0 : RAMX+OBV6, lpy-h6, rRr+OBV6, 2, 0, 0, 0, 0, 0, 0
  @ LINE_EP, 0 : RAMX+OBV6-10, lpy-g6, 0, -10, 0, 0, 0, 0, 0
  @ LINE_EP, 0 : RAMX+OBV6, lpy-h6, 0, 10, 0, 0, 0, 0, 0
  @ LINE_EP, 0 : RAMX+OBV6, lpy/2-5, 0, 0, 0, 0, 0, 0, 0
  @ LINE_EP, 0 : RAMX+OBV6, lpy/2-15, 0, -1, 0, 0, 0, 0, 0
  @ ENDPATH, 0 :  

@ ROUT, 0 : "144_1", 0, "1", 0, 0, "", 1, 18, -1, 0, 0, 0, 0, 0, 0, 0, 0, 0, 0, 0, 0, 0, 0, 0, 0, 0, 0, 0, 1, 0, 0, 0, 0, 1, 0, 0, 0, 0, 0, 1, 0, -1, 0, 5000, 18000, 0, 8000, "144", 103, 1, 0, 0, 90, 0, 0, 0, 0, 0, 0, 90, 0, 0, 0, 0, 0, 0, 0, 0, 0, 0, "", 0, 0, 0, 0, 0, 0, 0, 0, 0, "", 5, 0, 20, 80, 60, 0, "", "", "ROUT", 0, 1, 1, 0, 0, 0, 0, 0, 0, 0, 0, 0, 0, 0, 0, 0, 0, 2000, 0, 0.1, 0, 0, 0, 1, 110
  @ START_POINT, 0 : RAMX+OBV7, h7, 0
  @ LINE_EP, 0 : RAMX+OBV7-6, g7, 1, 0, 0, 0, 0, 0, 0
  @ LINE_EP, 0 : RAMX+OBV7-6, -15, 0, 0, 0, 0, 0, 0, 0
  @ LINE_EP, 0 : lpx-RAMX-OBV7+6, -15, 0, 0, 0, 0, 0, 0, 0
  @ LINE_EP, 0 : lpx-RAMX-OBV7+6, g7, 0, 0, 0, 0, 0, 0, 0
  @ LINE_EP, 0 : lpx-RAMX-OBV7, h7, 0, 0, 0, 0, 0, 0, 0
  @ ENDPATH, 0 : 

@ ROUT, 0 : "144_1", 0, "1", 0, 0, "", 1, 18, -1, 0, 0, 0, 0, 0, 0, 0, 0, 0, 0, 0, 0, 0, 0, 0, 0, 0, 0, 0, 1, 0, 0, 0, 0, 1, 0, 0, 0, 0, 0, 1, 0, -1, 0, 5000, 18000, 0, 8000, "144", 103, 1, 0, 0, 90, 0, 0, 0, 0, 0, 0, 90, 0, 0, 0, 0, 0, 0, 0, 0, 0, 0, "", 0, 0, 0, 0, 0, 0, 0, 0, 0, "", 5, 0, 20, 80, 60, 0, "", "", "ROUT", 0, 1, 1, 0, 0, 0, 0, 0, 0, 0, 0, 0, 0, 0, 0, 0, 0, 2000, 0, 0.1, 0, 0, 0, 1, 110
  @ START_POINT, 0 : RAMX+OBV7, lpy-h7, 0
  @ LINE_EP, 0 : RAMX+OBV7-6, lpy-g7, 1, 0, 0, 0, 0, 0, 0
  @ LINE_EP, 0 : RAMX+OBV7-6, lpy+15, 0, 0, 0, 0, 0, 0, 0
  @ LINE_EP, 0 : lpx-RAMX-OBV7+6, lpy+15, 0, 0, 0, 0, 0, 0, 0
  @ LINE_EP, 0 : lpx-RAMX-OBV7+6, lpy-g7, 0, 0, 0, 0, 0, 0, 0
  @ LINE_EP, 0 : lpx-RAMX-OBV7, lpy-h7, 0, 0, 0, 0, 0, 0, 0
  @ ENDPATH, 0 : 

@ ROUT, 0 : "136_2", 0, "1", 0, 0, "", 1, 18, -1, 0, 0, 0, 0, 0, 0, 0, 0, 0, 0, 0, 0, 0, 0, 0, 0, 0, 0, 0, 1, 0, 0, 0, 0, 1, 0, 0, 0, 0, 0, 1, 0, -1, 0, 5000, 18000, 0, 8000, "136", 103, 1, 0, 0, 90, 0, 0, 0, 0, 0, 0, 90, 0, 0, 0, 0, 0, 0, 0, 0, 0, 0, "", 0, 0, 0, 0, 0, 0, 0, 0, 0, "", 5, 0, 20, 80, 60, 0, "", "", "ROUT", 0, 1, 1, 0, 0, 0, 0, 0, 0, 0, 0, 0, 0, 0, 0, 0, 0, 2000, 0, 0.1, 0, 0, 0, 1, 110
  @ START_POINT, 0 : RAMX, lpy/2+5, 0
  @ LINE_EP, 0 : RAMX, RAMY, 2, 0, 0, 0, 0, 0, 0
  @ ARC_EPRA, 0 : lpx-RAMX, RAMY, rRr, 2, 0, 0, 0, 0, 0, 1
  @ LINE_EP, 0 : lpx-RAMX, lpy-RAMY, 0, 0, 0, 0, 0, 0, 0
  @ ARC_EPRA, 0 : RAMX, lpy-RAMY, rRr, 2, 0, 0, 0, 0, 0, 0
  @ LINE_EP, 0 : RAMX, lpy/2-5, 0, 0, 0, 0, 0, 0, 0
  @ LINE_EP, 0 : RAMX, lpy/2-15, 0, -1, 0, 0, 0, 0, 0
  @ ENDPATH, 0 :
  
@ ROUT, 0 : "136_3", 0, "1", 0, 0, "", 1, 18, -1, 0, 0, 0, 0, 0, 0, 0, 0, 0, 0, 0, 0, 0, 0, 0, 0, 0, 0, 0, 1, 0, 0, 0, 0, 1, 0, 0, 0, 0, 0, 1, 0, -1, 0, 5000, 18000, 0, 8000, "136", 103, 1, 0, 0, 90, 0, 0, 0, 0, 0, 0, 90, 0, 0, 0, 0, 0, 0, 0, 0, 0, 0, "", 0, 0, 0, 0, 0, 0, 0, 0, 0, "", 5, 0, 20, 80, 60, 0, "", "", "ROUT", 0, 1, 1, 0, 0, 0, 0, 0, 0, 0, 0, 0, 0, 0, 0, 0, 0, 2000, 0, 0.1, 0, 0, 0, 1, 110
  @ START_POINT, 0 : KANT+20, KANT, 0
  @ LINE_EP, 0 : lpx-KANT, KANT, 1.5, 0, 0, 0, 0, 0, 0
  @ LINE_EP, 0 : lpx-KANT, lpy-KANT, 0, 0, 0, 0, 0, 0, 0
  @ LINE_EP, 0 : KANT, lpy-KANT, 0, 0, 0, 0, 0, 0, 0
  @ LINE_EP, 0 : KANT, KANT, 0, 0, 0, 0, 0, 0, 0
  @ LINE_EP, 0 : KANT+30, KANT, 0, 0, 0, 0, 0, 0, 0
  @ LINE_EP, 0 : KANT+50, KANT, 0, -1, 0, 0, 0, 0, 0
  @ ENDPATH, 0 :    
 
@ ROUT, 0 : "132", 0, "1", 0, 0, "", 1, 18, -1, 0, 0, 0, 0, 0, 0, 0, 0, 0, 0, 0, 0, 0, 0, 0, 0, 0, 0, 0, 1, 0, 0, 0, 0, 1, 0, 0, 0, 0, 0, 1, 0, -1, 0, 5000, 18000, 0, 8000, "132", 103, 1, 0, 0, 90, 0, 0, 0, 0, 0, 0, 90, 0, 0, 0, 0, 0, 0, 0, 0, 0, 0, "", 0, 0, 0, 0, 0, 0, 0, 0, 0, "", 5, 0, 20, 80, 60, 0, "", "", "ROUT", 0, 1, 1, 0, 0, 0, 0, 0, 0, 0, 0, 0, 0, 0, 0, 0, 0, 2000, 0, 0.1, 0, 0, 0, 1, 110
  @ START_POINT, 0 : RAMX+OBV1, h1+50, 0
  @ LINE_EP, 0 : RAMX+OBV1, h1+15, 0, 15.2, 0, 0, 0, 0, 0
  @ LINE_EP, 0 : RAMX+OBV1, h1, 0, 0, 0, 0, 0, 0, 0
  @ ARC_EPRA, 0 : lpx-(RAMX+OBV1), h1, rRr+OBV1, 2, 0, 0, 0, 0, 0, 1
  @ LINE_EP, 0 : lpx-(RAMX+OBV1), lpy-h1, 0, 0, 0, 0, 0, 0, 0
  @ ARC_EPRA, 0 : RAMX+OBV1, lpy-h1, rRr+OBV1, 2, 0, 0, 0, 0, 0, 0
  @ LINE_EP, 0 : RAMX+OBV1, h1+10, 0, 0, 0, 0, 0, 0, 0
  @ LINE_EP, 0 : RAMX+OBV1, h1+5, 0, -1, 0, 0, 0, 0, 0
  @ ENDPATH, 0 :
 