@ ROUT, 0 : "131", 0, "1", 0, 0, "", 1, 18, -1, 0, 0, 0, 0, 0, 0, 0, 0, 0, 0, 0, 0, 0, 0, 0, 0, 0, 0, 0, 1, 0, 0, 0, 0, 1, 0, 0, 0, 0, 0, 1, 0, -1, 0, 5000, 18000, 0, 8000, "131", 103, 1, 0, 0, 90, 0, 0, 0, 0, 0, 0, 90, 0, 0, 0, 0, 0, 0, 0, 0, 0, 0, "", 0, 0, 0, 0, 0, 0, 0, 0, 0, "", 5, 0, 20, 80, 60, 0, "", "", "ROUT", 0, 1, 1, 0, 0, 0, 0, 0, 0, 0, 0, 0, 0, 0, 0, 0, 0, 2000, 0, 0.1, 0, 0, 0, 1, 110
  @ START_POINT, 0 : RAMX+10, RAMY, 0
  @ LINE_EP, 0 : RAMX+60, RAMY, 0, 9, 0, 0, 0, 0, 0
  @ LINE_EP, 0 : lpx-RAMX, RAMY, 0, 0, 0, 0, 0, 0, 0
  @ LINE_EP, 0 : lpx-RAMX, RAMK, 0, 0, 0, 0, 0, 0, 0
  @ ARC_EPRA, 0 : lpx-RAMX, lpy-RAMK, rRr2, 1, 0, 0, 0, 0, 0, 0
  @ LINE_EP, 0 : lpx-RAMX, lpy-RAMY, 0, 0, 0, 0, 0, 0, 0
  @ LINE_EP, 0 : RAMX, lpy-RAMY, 0, 0, 0, 0, 0, 0, 0
  @ LINE_EP, 0 : RAMX, lpy-RAMK, 0, 0, 0, 0, 0, 0, 0
  @ ARC_EPRA, 0 : RAMX, RAMK, rRr2, 1, 0, 0, 0, 0, 0, 1
  @ LINE_EP, 0 : RAMX, RAMK, 0, 0, 0, 0, 0, 0, 0
  @ LINE_EP, 0 : RAMX, RAMY, 0, 0, 0, 0, 0, 0, 0
  @ LINE_EP, 0 : RAMX+65, RAMY, 0, 0, 0, 0, 0, 0, 0
  @ LINE_EP, 0 : RAMX+80, RAMY, 0, -1, 0, 0, 0, 0, 0
  @ ENDPATH, 0 :

@ ROUT, 0 : "136", 0, "1", 0, 0, "", 1, 18, -1, 0, 0, 0, 0, 0, 0, 0, 0, 0, 0, 0, 0, 0, 0, 0, 0, 0, 0, 0, 1, 0, 0, 0, 0, 1, 0, 0, 0, 0, 0, 1, 0, -1, 0, 5000, 18000, 0, 8000, "136", 103, 1, 0, 0, 90, 0, 0, 0, 0, 0, 0, 90, 0, 0, 0, 0, 0, 0, 0, 0, 0, 0, "", 0, 0, 0, 0, 0, 0, 0, 0, 0, "", 5, 0, 20, 80, 60, 0, "", "", "ROUT", 0, 1, 1, 0, 0, 0, 0, 0, 0, 0, 0, 0, 0, 0, 0, 0, 0, 2000, 0, 0.1, 0, 0, 0, 1, 110
  @ START_POINT, 0 : RAMX+1, RAMY-rRr1, 0
  @ LINE_EP, 0 : RAMX+3, RAMY-rRr1, 0, 2, 0, 0, 0, 0, 0
  @ LINE_EP, 0 : lpx-RAMX, RAMY-rRr1, 0, 0, 0, 0, 0, 0, 0
  @ ARC_EPRA, 0 : lpx-xkor, ykor, rRr1, 1, 0, 0, 0, 0, 0, 0
  @ LINE_EP, 0 : lpx-xkor, h2, 0, 0, 0, 0, 0, 0, 0
  @ ARC_EPRA, 0 : lpx-xkor, lpy-h2, rRr1+rRr2, 1, 0, 0, 0, 0, 0, 0
  @ LINE_EP, 0 : lpx-xkor, lpy-ykor, 0, 0, 0, 0, 0, 0, 0
  @ ARC_EPRA, 0 : lpx-RAMX, lpy-RAMY+rRr1, rRr1, 1, 0, 0, 0, 0, 0, 1
  @ LINE_EP, 0 : RAMX, lpy-RAMY+rRr1, 0, 0, 0, 0, 0, 0, 0
  @ ARC_EPRA, 0 : xkor, lpy-ykor, rRr1, 1, 0, 0, 0, 0, 0, 1
  @ LINE_EP, 0 : xkor, lpy-h2, 0, 0, 0, 0, 0, 0, 0
  @ ARC_EPRA, 0 : xkor, h2, rRr1+rRr2, 1, 0, 0, 0, 0, 0, 1
  @ LINE_EP, 0 : xkor, ykor, 0, 0, 0, 0, 0, 0, 0
  @ ARC_EPRA, 0 : RAMX, RAMY-rRr1, rRr1, 1, 0, 0, 0, 0, 0, 0
  @ LINE_EP, 0 : RAMX+4, RAMY-rRr1, 0, 0, 0, 0, 0, 0, 0
  @ LINE_EP, 0 : RAMX+5, RAMY-rRr1, 0, 0, 0, 0, 0, 0, 0
  @ ENDPATH, 0 :
  
@ ROUT, 0 : "136", 0, "1", 0, 0, "", 1, 18, -1, 0, 0, 0, 0, 0, 0, 0, 0, 0, 0, 0, 0, 0, 0, 0, 0, 0, 0, 0, 1, 0, 0, 0, 0, 1, 0, 0, 0, 0, 0, 1, 0, -1, 0, 5000, 18000, 0, 8000, "136", 103, 1, 0, 0, 90, 0, 0, 0, 0, 0, 0, 90, 0, 0, 0, 0, 0, 0, 0, 0, 0, 0, "", 0, 0, 0, 0, 0, 0, 0, 0, 0, "", 5, 0, 20, 80, 60, 0, "", "", "ROUT", 0, 1, 1, 0, 0, 0, 0, 0, 0, 0, 0, 0, 0, 0, 0, 0, 0, 2000, 0, 0.1, 0, 0, 0, 1, 110
  @ START_POINT, 0 : RAMX+rRr1+1, RAMY+rRr1, 0
  @ LINE_EP, 0 : RAMX+rRr1+3, RAMY+rRr1, 0, 2, 0, 0, 0, 0, 0
  @ LINE_EP, 0 : lpx-RAMX-rRr1, RAMY+rRr1, 0, 0, 0, 0, 0, 0, 0
  @ LINE_EP, 0 : lpx-RAMX-rRr1, h1, 0, 0, 0, 0, 0, 0, 0
  @ ARC_EPRA, 0 : lpx-korx, kory, rRr2-rRr1, 1, 0, 0, 0, 0, 0, 0
  @ ARC_EPRA, 0 : lpx-korx, lpy-kory, 65.7694, 2, 0, 0, 0, 0, 0, 1
  @ ARC_EPRA, 0 : lpx-RAMX-rRr1, lpy-h1, rRr2-rRr1, 1, 0, 0, 0, 0, 0, 1
  @ LINE_EP, 0 : lpx-RAMX-rRr1, lpy-RAMY-rRr1, 0, 0, 0, 0, 0, 0, 0
  @ LINE_EP, 0 : RAMX+rRr1, lpy-RAMY-rRr1, 0, 0, 0, 0, 0, 0, 0
  @ LINE_EP, 0 : RAMX+rRr1, lpy-h1, 0, 0, 0, 0, 0, 0, 0
  @ ARC_EPRA, 0 : korx, lpy-kory, rRr2-rRr1, 1, 0, 0, 0, 0, 0, 1
  @ ARC_EPRA, 0 : korx, kory, 65.7694, 2, 0, 0, 0, 0, 0, 0
  @ ARC_EPRA, 0 : RAMX+rRr1, h1, rRr2-rRr1, 1, 0, 0, 0, 0, 0, 0
  @ LINE_EP, 0 : RAMX+rRr1, RAMY+rRr1, 0, 0, 0, 0, 0, 0, 0
  @ LINE_EP, 0 : RAMX+rRr1+4, RAMY+rRr1, 0, 0, 0, 0, 0, 0, 0
  @ LINE_EP, 0 : RAMX+rRr1+5, RAMY+rRr1, 0, 0, 0, 0, 0, 0, 0
  @ ENDPATH, 0 :
  
@ ROUT, 0 : "144_1", 0, "1", 0, 1.32, "", 1, 18, -1, 0, 0, 0, 0, 0, 0, 0, 0, 0, 0, 0, 0, 0, 0, 0, 0, 0, 0, 0, 1, 0, 0, 0, 0, 1, 0, 0, 0, 0, 0, 1, 0, -1, 0, 5000, 18000, 0, 8000, "144", 103, 1, 0, 0, 90, 0, 0, 0, 0, 0, 0, 90, 0, 0, 0, 0, 0, 0, 0, 0, 0, 0, "", 0, 0, 0, 0, 0, 0, 0, 0, 0, "", 5, 0, 20, 80, 60, 0, "", "", "ROUT", 0, 1, 1, 0, 0, 0, 0, 0, 0, 0, 0, 0, 0, 0, 0, 0, 0, 2000, 0, 0.1, 0, 0, 0, 1, 110
  @ START_POINT, 0 : 106.449, lpy/2-9.333, 0
  @ ARC_EPRA, 0 : 109.198, lpy/2-28.174, 13.1709, 1, 0, 0, 0, 0, 0, 0
  @ ARC_EPRA, 0 : 109.198, lpy/2+28.174, 54.7694, 1, 0, 0, 0, 0, 0, 0
  @ ARC_EPRA, 0 : 106.449, lpy/2+9.333, 13.1709, 0, 0, 0, 0, 0, 0, 1
  @ LINE_EP, 0 : 116.98, lpy/2+1.478, 0, 0, 0, 0, 0, 0, 0
  @ LINE_EP, 0 : 106.449, lpy/2+9.333, 0, 0, 0, 0, 0, 0, 0
  @ ARC_EPRA, 0 : 106.449, lpy/2-9.333, 10.5055, 0, 0, 0, 0, 0, 0, 1
  @ LINE_EP, 0 : 116.98, lpy/2-1.478, 0, 0, 0, 0, 0, 0, 0
  @ ENDPATH, 0 :
  
@ ROUT, 0 : "144_1", 0, "1", 0, 1.32, "", 1, 18, -1, 0, 0, 0, 0, 0, 0, 0, 0, 0, 0, 0, 0, 0, 0, 0, 0, 0, 0, 0, 1, 0, 0, 0, 0, 1, 0, 0, 0, 0, 0, 1, 0, -1, 0, 5000, 18000, 0, 8000, "144", 103, 1, 0, 0, 90, 0, 0, 0, 0, 0, 0, 90, 0, 0, 0, 0, 0, 0, 0, 0, 0, 0, "", 0, 0, 0, 0, 0, 0, 0, 0, 0, "", 5, 0, 20, 80, 60, 0, "", "", "ROUT", 0, 1, 1, 0, 0, 0, 0, 0, 0, 0, 0, 0, 0, 0, 0, 0, 0, 2000, 0, 0.1, 0, 0, 0, 1, 110
  @ START_POINT, 0 : lpx-106.449, lpy/2-9.333, 0
  @ ARC_EPRA, 0 : lpx-109.198, lpy/2-28.174, 13.1709, 2, 0, 0, 0, 0, 0, 0
  @ ARC_EPRA, 0 : lpx-109.198, lpy/2+28.174, 54.7694, 2, 0, 0, 0, 0, 0, 1
  @ ARC_EPRA, 0 : lpx-106.449, lpy/2+9.333, 13.1709, 2, 0, 0, 0, 0, 0, 1
  @ LINE_EP, 0 : lpx-116.98, lpy/2+1.478, 0, 0, 0, 0, 0, 0, 0
  @ LINE_EP, 0 : lpx-106.449, lpy/2+9.333, 0, 0, 0, 0, 0, 0, 0
  @ ARC_EPRA, 0 : lpx-106.449, lpy/2-9.333, 10.5055, 2, 0, 0, 0, 0, 0, 0
  @ LINE_EP, 0 : lpx-116.98, lpy/2-1.478, 0, 0, 0, 0, 0, 0, 0
  @ ENDPATH, 0 :
  
' kray18
