@ ROUT, 0 : "131", 0, "1", 0, 0, "", 1, 18, -1, 0, 0, 0, 0, 0, 0, 0, 0, 0, 0, 0, 0, 0, 0, 0, 0, 0, 0, 0, 1, 0, 0, 0, 0, 1, 0, 0, 0, 0, 0, 1, 0, -1, 0, 5000, 18000, 0, 8000, "131", 103, 1, 0, 0, 90, 0, 0, 0, 0, 0, 0, 90, 0, 0, 0, 0, 0, 0, 0, 0, 0, 0, "", 0, 0, 0, 0, 0, 0, 0, 0, 0, "", 5, 0, 20, 80, 60, 0, "", "", "ROUT", 0, 1, 1, 0, 0, 0, 0, 0, 0, 0, 0, 0, 0, 0, 0, 0, 0, 2000, 0, 0.1, 0, 0, 0, 1, 110
  @ START_POINT, 0 : RAMY, RAMX+5, 0
  @ LINE_EP, 0 : RAMY, RAMX+55, 0, 9, 0, 0, 0, 0, 0
  @ LINE_EP, 0 : RAMY, lpy-RAMX, 0, 0, 0, 0, 0, 0, 0
  @ LINE_EP, 0 : RAMK, lpy-RAMX, 0, 0, 0, 0, 0, 0, 0
  @ ARC_EPRA, 0 : lpx-RAMK, lpy-RAMX, rRr2, 2, 0, 0, 0, 0, 0, 1
  @ LINE_EP, 0 : lpx-RAMY, lpy-RAMX, 0, 0, 0, 0, 0, 0, 0
  @ LINE_EP, 0 : lpx-RAMY, RAMX, 0, 0, 0, 0, 0, 0, 0
  @ LINE_EP, 0 : lpx-RAMK, RAMX, 0, 0, 0, 0, 0, 0, 0
  @ ARC_EPRA, 0 : RAMK, RAMX, rRr2, 2, 0, 0, 0, 0, 0, 0
  @ LINE_EP, 0 : RAMK, RAMX, 0, 0, 0, 0, 0, 0, 0
  @ LINE_EP, 0 : RAMY, RAMX, 0, 0, 0, 0, 0, 0, 0
  @ LINE_EP, 0 : RAMY, RAMX+60, 0, 0, 0, 0, 0, 0, 0
  @ LINE_EP, 0 : RAMY, RAMX+70, 0, -1, 0, 0, 0, 0, 0
  @ ENDPATH, 0 :

@ ROUT, 0 : "136", 0, "1", 0, 0, "", 1, 18, -1, 0, 0, 0, 0, 0, 0, 0, 0, 0, 0, 0, 0, 0, 0, 0, 0, 0, 0, 0, 1, 0, 0, 0, 0, 1, 0, 0, 0, 0, 0, 1, 0, -1, 0, 5000, 18000, 0, 8000, "136", 103, 1, 0, 0, 90, 0, 0, 0, 0, 0, 0, 90, 0, 0, 0, 0, 0, 0, 0, 0, 0, 0, "", 0, 0, 0, 0, 0, 0, 0, 0, 0, "", 5, 0, 20, 80, 60, 0, "", "", "ROUT", 0, 1, 1, 0, 0, 0, 0, 0, 0, 0, 0, 0, 0, 0, 0, 0, 0, 2000, 0, 0.1, 0, 0, 0, 1, 110
  @ START_POINT, 0 : RAMY-rRr1, RAMX+8, 0
  @ LINE_EP, 0 : RAMY-rRr1, RAMX+18, 0, 2, 0, 0, 0, 0, 0
  @ LINE_EP, 0 : RAMY-rRr1, lpy-RAMX, 0, 0, 0, 0, 0, 0, 0
  @ ARC_EPRA, 0 : RAMY, lpy-RAMX+rRr1, rRr1, 2, 0, 0, 0, 0, 0, 1
  @ LINE_EP, 0 : h2, lpy-RAMX+rRr1, 0, 0, 0, 0, 0, 0, 0
  @ ARC_EPRA, 0 : lpx-h2, lpy-RAMX+rRr1, rRr1+rRr2, 2, 0, 0, 0, 0, 0, 1
  @ LINE_EP, 0 : lpx-RAMY, lpy-RAMX+rRr1, 0, 0, 0, 0, 0, 0, 0
  @ ARC_EPRA, 0 : lpx-RAMY+rRr1, lpy-RAMX, rRr1, 2, 0, 0, 0, 0, 0, 1
  @ LINE_EP, 0 : lpx-RAMY+rRr1, RAMX, 0, 0, 0, 0, 0, 0, 0
  @ ARC_EPRA, 0 : lpx-RAMY, RAMX-rRr1, rRr1, 2, 0, 0, 0, 0, 0, 0
  @ LINE_EP, 0 : lpx-h2, RAMX-rRr1, 0, 0, 0, 0, 0, 0, 0
  @ ARC_EPRA, 0 : h2, RAMX-rRr1, rRr1+rRr2, 2, 0, 0, 0, 0, 0, 0
  @ LINE_EP, 0 : RAMY, RAMX-rRr1, 0, 0, 0, 0, 0, 0, 0
  @ ARC_EPRA, 0 : RAMY-rRr1, RAMX, rRr1, 2, 0, 0, 0, 0, 0, 0
  @ LINE_EP, 0 : RAMY-rRr1, RAMX+30, 0, 0, 0, 0, 0, 0, 0
  @ LINE_EP, 0 : RAMY-rRr1, RAMX+40, 0, 0, 0, 0, 0, 0, 0
  @ ENDPATH, 0 :
  
@ ROUT, 0 : "136", 0, "1", 0, 0, "", 1, 18, -1, 0, 0, 0, 0, 0, 0, 0, 0, 0, 0, 0, 0, 0, 0, 0, 0, 0, 0, 0, 1, 0, 0, 0, 0, 1, 0, 0, 0, 0, 0, 1, 0, -1, 0, 5000, 18000, 0, 8000, "136", 103, 1, 0, 0, 90, 0, 0, 0, 0, 0, 0, 90, 0, 0, 0, 0, 0, 0, 0, 0, 0, 0, "", 0, 0, 0, 0, 0, 0, 0, 0, 0, "", 5, 0, 20, 80, 60, 0, "", "", "ROUT", 0, 1, 1, 0, 0, 0, 0, 0, 0, 0, 0, 0, 0, 0, 0, 0, 0, 2000, 0, 0.1, 0, 0, 0, 1, 110
  @ START_POINT, 0 : RAMY+rRr1, RAMX+rRr1+1, 0
  @ LINE_EP, 0 : RAMY+rRr1, RAMX+rRr1+2, 0, 2, 0, 0, 0, 0, 0
  @ LINE_EP, 0 : RAMY+rRr1, lpy-RAMX-rRr1, 0, 0, 0, 0, 0, 0, 0
  @ LINE_EP, 0 : h1, lpy-RAMX-rRr1, 0, 0, 0, 0, 0, 0, 0
  @ ARC_EPRA, 0 : kory, lpy-korx, rRr2-rRr1, 2, 0, 0, 0, 0, 0, 1
  @ ARC_EPRA, 0 : lpx-kory, lpy-korx, 65.7694, 1, 0, 0, 0, 0, 0, 0
  @ ARC_EPRA, 0 : lpx-h1, lpy-RAMX-rRr1, rRr2-rRr1, 2, 0, 0, 0, 0, 0, 1
  @ LINE_EP, 0 : lpx-RAMY-rRr1, lpy-RAMX-rRr1, 0, 0, 0, 0, 0, 0, 0
  @ LINE_EP, 0 : lpx-RAMY-rRr1, RAMX+rRr1, 0, 0, 0, 0, 0, 0, 0
  @ LINE_EP, 0 : lpx-h1, RAMX+rRr1, 0, 0, 0, 0, 0, 0, 0
  @ ARC_EPRA, 0 : lpx-kory, korx, rRr2-rRr1, 2, 0, 0, 0, 0, 0, 0
  @ ARC_EPRA, 0 : kory, korx, 65.7694, 1, 0, 0, 0, 0, 0, 1
  @ ARC_EPRA, 0 : h1, RAMX+rRr1, rRr2-rRr1, 2, 0, 0, 0, 0, 0, 0
  @ LINE_EP, 0 : RAMY+rRr1, RAMX+rRr1, 0, 0, 0, 0, 0, 0, 0
  @ LINE_EP, 0 : RAMY+rRr1, RAMX+rRr1+3, 0, 0, 0, 0, 0, 0, 0
  @ LINE_EP, 0 : RAMY+rRr1, RAMX+rRr1+4, 0, 0, 0, 0, 0, 0, 0
  @ ENDPATH, 0 :
  
@ ROUT, 0 : "144_1", 0, "1", 0, 1.32, "", 1, 18, -1, 0, 0, 0, 0, 0, 0, 0, 0, 0, 0, 0, 0, 0, 0, 0, 0, 0, 0, 0, 1, 0, 0, 0, 0, 1, 0, 0, 0, 0, 0, 1, 0, -1, 0, 5000, 18000, 0, 8000, "144", 103, 1, 0, 0, 90, 0, 0, 0, 0, 0, 0, 90, 0, 0, 0, 0, 0, 0, 0, 0, 0, 0, "", 0, 0, 0, 0, 0, 0, 0, 0, 0, "", 5, 0, 20, 80, 60, 0, "", "", "ROUT", 0, 1, 1, 0, 0, 0, 0, 0, 0, 0, 0, 0, 0, 0, 0, 0, 0, 2000, 0, 0.1, 0, 0, 0, 1, 110
  @ START_POINT, 0 : lpx/2-9.333, 106.449, 0
  @ ARC_EPRA, 0 : lpx/2-28.174, 109.198, 13.1709, 2, 0, 0, 0, 0, 0, 0
  @ ARC_EPRA, 0 : lpx/2+28.174, 109.198, 54.7694, 2, 0, 0, 0, 0, 0, 1
  @ ARC_EPRA, 0 : lpx/2+9.333, 106.449, 13.1709, 2, 0, 0, 0, 0, 0, 0
  @ LINE_EP, 0 : lpx/2+1.478, 116.98, 0, 0, 0, 0, 0, 0, 0
  @ LINE_EP, 0 : lpx/2+9.333, 106.449, 0, 0, 0, 0, 0, 0, 0
  @ ARC_EPRA, 0 : lpx/2-9.333, 106.449, 10.5055, 2, 0, 0, 0, 0, 0, 0
  @ LINE_EP, 0 : lpx/2-1.478, 116.98, 0, 0, 0, 0, 0, 0, 0
  @ ENDPATH, 0 :
  
@ ROUT, 0 : "144_1", 0, "1", 0, 1.32, "", 1, 18, -1, 0, 0, 0, 0, 0, 0, 0, 0, 0, 0, 0, 0, 0, 0, 0, 0, 0, 0, 0, 1, 0, 0, 0, 0, 1, 0, 0, 0, 0, 0, 1, 0, -1, 0, 5000, 18000, 0, 8000, "144", 103, 1, 0, 0, 90, 0, 0, 0, 0, 0, 0, 90, 0, 0, 0, 0, 0, 0, 0, 0, 0, 0, "", 0, 0, 0, 0, 0, 0, 0, 0, 0, "", 5, 0, 20, 80, 60, 0, "", "", "ROUT", 0, 1, 1, 0, 0, 0, 0, 0, 0, 0, 0, 0, 0, 0, 0, 0, 0, 2000, 0, 0.1, 0, 0, 0, 1, 110
  @ START_POINT, 0 : lpx/2-9.333, lpy-106.449, 0
  @ ARC_EPRA, 0 : lpx/2-28.174, lpy-109.198, 13.1709, 1, 0, 0, 0, 0, 0, 1
  @ ARC_EPRA, 0 : lpx/2+28.174, lpy-109.198, 54.7694, 1, 0, 0, 0, 0, 0, 0
  @ ARC_EPRA, 0 : lpx/2+9.333, lpy-106.449, 13.1709, 1, 0, 0, 0, 0, 0, 1
  @ LINE_EP, 0 : lpx/2+1.478, lpy-116.98, 0, 0, 0, 0, 0, 0, 0
  @ LINE_EP, 0 : lpx/2+9.333, lpy-106.449, 0, 0, 0, 0, 0, 0, 0
  @ ARC_EPRA, 0 : lpx/2-9.333, lpy-106.449, 10.5055, 1, 0, 0, 0, 0, 0, 1
  @ LINE_EP, 0 : lpx/2-1.478, lpy-116.98, 0, 0, 0, 0, 0, 0, 0
  @ ENDPATH, 0 :
  
' kray18
