@ ROUT, 0 : "132", 0, "1", 0, 1.5, "", 1, 18, -1, 0, 0, 0, 0, 0, 0, 0, 0, 0, 0, 0, 0, 0, 0, 1, 0, 0, 0, 0, 1, 0, 0, 0, 0, 1, 0, 0, 0, 0, 0, 1, 0, -1, 0, 0, 18000, 3000, 8000, "132", 103, 1, 1, 1, 90, 1, 0, 0, 0, 0, 1, 90, 1, 0, 0, 0, 0, 0, 0, 0, 100, 0, "", 0, 0, 0, 0, 0, 0, 0, 0, 0, "", 5, 0, 20, 80, 60, 0, "", "", "ROUT", 0, 1, 1, 0, 0, 0, 0, 0, 0, 0, 0, 0, 0, 0, 0, 0, 0, 2000, 0, 0.1, 0, 0, 0, 1, 110
  @ START_POINT, 0 : 0, LPY+20, 0
  @ LINE_EP, 0 : 0, 0, 0, 0, 0, 0, 0, 0, 0
  @ CONNECTOR, 0 : RKRAY, 0, 0, 0, 0, 0, 0
  @ LINE_EP, 0 : LPX, 0, 0, 0, 0, 0, 0, 0, 0
  @ CONNECTOR, 0 : RKRAY, 0, 0, 0, 0, 0, 0
  @ LINE_EP, 0 : LPX, LPY, 0, 0, 0, 0, 0, 0, 0
  @ CONNECTOR, 0 : RKRAY, 0, 0, 0, 0, 0, 0
  @ LINE_EP, 0 : 0, LPY, 0, 0, 0, 0, 0, 0, 0
  @ CONNECTOR, 0 : RKRAY, 0, 0, 0, 0, 0, 0
  @ LINE_EP, 0 : 0, -20, 0, 0, 0, 0, 0, 0, 0
  @ ENDPATH, 0 :