@ ROUT, 0 : "150", 0, "1", 0, 3.2, "", 1, 18, -1, 0, 0, 0, 0, 0, 0, 0, 0, 0, 0, 0, 0, 0, 0, 0, 0, 0, 0, 0, 1, 0, -3, 0, 0, 1, 0, 0, 0, 0, 0, 1, 0, -1, 0, 0, 18000, 3000, 8000, "150", 103, 1, 1, 1, 90, 1, 0, 0, 0, 0, 1, 90, 1, 0, 0, 0, 0, 0, 0, 0, 100, 0, "", 0, 0, 0, 0, 0, 0, 0, 0, 0, "", 5, 0, 20, 80, 60, 0, "", "", "ROUT", 0, 1, 1, 0, 0, 0, 0, 0, 0, 0, 0, 0, 0, 0, 0, 0, 0, 2000, 0, 0.1, 0, 0, 0, 1, 110
  @ START_POINT, 0 : 0, LPY/2, 0
  @ LINE_EP, 0 : 0, RKRAY, 0, 0, 0, 0, 0, 0, 0
  @ ARC_EPRA, 0 : RKRAY, 0, RKRAY, 1, 0, 0, 0, 0, 0, 0
  @ LINE_EP, 0 : LPX-RKRAY, 0, 0, 0, 0, 0, 0, 0, 0
  @ ARC_EPRA, 0 : LPX, RKRAY, RKRAY, 1, 0, 0, 0, 0, 0, 0
  @ LINE_EP, 0 : LPX, LPY-RKRAY, 0, 0, 0, 0, 0, 0, 0
  @ ARC_EPRA, 0 : LPX-RKRAY, LPY, RKRAY, 1, 0, 0, 0, 0, 0, 1
  @ LINE_EP, 0 : RKRAY, LPY, 0, 0, 0, 0, 0, 0, 0
  @ ARC_EPRA, 0 : 0, LPY-RKRAY, RKRAY, 1, 0, 0, 0, 0, 0, 1
  @ LINE_EP, 0 : 0, LPY/2, 0, 0, 0, 0, 0, 0, 0
  @ ENDPATH, 0 :
