@ ROUT, 0 : "162", 0, "1", 0, vis, "", 1, 18, -1, 0, 0, 0, 0, 0, 0, 0, 0, 0, 0, 0, 0, 0, 0, 0, 0, 0, 0, 0, 1, 0, 0, 0, 0, 1, 0, 0, 0, 0, 0, 1, 0, -1, 0, 5000, 18000, 0, 8000, "162", 103, 1, 0, 0, 90, 0, 0, 0, 0, 0, 0, 90, 0, 0, 0, 0, 0, 0, 0, 0, 0, 0, "", 0, 0, 0, 0, 0, 0, 0, 0, 0, "", 5, 0, 20, 80, 60, 0, "", "", "ROUT", 0, 1, 1, 0, 0, 0, 0, 0, 0, 0, 0, 0, 0, 0, 0, 0, 0, 2000, 0, 0.1, 0, 0, 0, 1, 110
  @ START_POINT, 0 : LPX/2, shir-20, 0
  @ LINE_EP, 0 : LPX-shir+20, shir-20, 0, 0, 0, 0, 0, 0, 0
  @ LINE_EP, 0 : LPX-shir+20, LPY-shir+20, 0, 0, 0, 0, 0, 0, 0
  @ LINE_EP, 0 : shir-20, LPY-shir+20, 0, 0, 0, 0, 0, 0, 0
  @ LINE_EP, 0 : shir-20, shir-20, 0, 0, 0, 0, 0, 0, 0
  @ LINE_EP, 0 : LPX/2, shir-20, 0, 0, 0, 0, 0, 0, 0
  @ ENDPATH, 0 :
  
@ ROUT, 0 : "144", 0, "1", 0, vis, "", 1, 18, -1, 0, 0, 0, 0, 0, 0, 0, 0, 0, 0, 0, 0, 0, 0, 0, 0, 0, 0, 0, 1, 0, 0, 0, 0, 1, 0, 0, 0, 0, 0, 1, 0, -1, 0, 5000, 18000, 0, 8000, "144", 103, 1, 0, 0, 90, 0, 0, 0, 0, 0, 0, 90, 0, 0, 0, 0, 0, 0, 0, 0, 0, 0, "", 0, 0, 0, 0, 0, 0, 0, 0, 0, "", 5, 0, 20, 80, 60, 0, "", "", "ROUT", 0, 1, 1, 0, 0, 0, 0, 0, 0, 0, 0, 0, 0, 0, 0, 0, 0, 2000, 0, 0.1, 0, 0, 0, 1, 110
  @ START_POINT, 0 : LPX/2, shir, 0
  @ LINE_EP, 0 : LPX-shir, shir, 0, 0, 0, 0, 0, 0, 0
  @ LINE_EP, 0 : LPX-shir, LPY-shir, 0, 0, 0, 0, 0, 0, 0
  @ LINE_EP, 0 : shir, LPY-shir, 0, 0, 0, 0, 0, 0, 0
  @ LINE_EP, 0 : shir, shir, 0, 0, 0, 0, 0, 0, 0
  @ LINE_EP, 0 : LPX/2, shir, 0, 0, 0, 0, 0, 0, 0
  @ ENDPATH, 0 :
