@ ROUT, 0 : "157", 0, "1", 0, 0, "", 1, 18, -1, 0, 0, 0, 0, 0, 0, 0, 0, 0, 0, 0, 0, 0, 0, 0, 0, 0, 0, 0, 1, 0, 0, 0, 0, 1, 0, 0, 0, 0, 0, 1, 0, -1, 0, 5000, 18000, 0, 8000, "157", 103, 1, 0, 0, 90, 0, 0, 0, 0, 0, 0, 90, 0, 0, 0, 0, 0, 0, 0, 0, 0, 0, "", 0, 0, 0, 0, 0, 0, 0, 0, 0, "", 5, 0, 20, 80, 60, 0, "", "", "ROUT", 0, 1, 1, 0, 0, 0, 0, 0, 0, 0, 0, 0, 0, 0, 0, 0, 0, 2000, 0, 0.1, 0, 0, 0, 1, 110
  @ START_POINT, 0 : RAMX+OBV0+10, RAMY+OBV0, 0
  @ LINE_EP, 0 : RAMX+OBV0+80, RAMY+OBV0, 0, T_9, 0, 0, 0, 0, 0
  @ LINE_EP, 0 : lpx-RAMX-OBV0, RAMY+OBV0, 0, 0, 0, 0, 0, 0, 0
  @ LINE_EP, 0 : lpx-RAMX-OBV0, lpy-RAMY-OBV0, 0, 0, 0, 0, 0, 0, 0
  @ LINE_EP, 0 : RAMX+OBV0, lpy-RAMY-OBV0, 0, 0, 0, 0, 0, 0, 0
  @ LINE_EP, 0 : RAMX+OBV0, RAMY+OBV0, 0, 0, 0, 0, 0, 0, 0
  @ LINE_EP, 0 : RAMX+OBV0+90, RAMY+OBV0, 0, 0, 0, 0, 0, 0, 0
  @ LINE_EP, 0 : RAMX+OBV0+110, RAMY+OBV0, 0, -1, 0, 0, 0, 0, 0
  @ ENDPATH, 0 :
  
@ ROUT, 0 : "157", 0, "1", 0, 0, "", 1, 18, -1, 0, 0, 0, 0, 0, 0, 0, 0, 0, 0, 0, 0, 0, 0, 0, 0, 0, 0, 0, 1, 0, 0, 0, 0, 1, 0, 0, 0, 0, 0, 1, 0, -1, 0, 5000, 18000, 0, 8000, "157", 103, 1, 0, 0, 90, 0, 0, 0, 0, 0, 0, 90, 0, 0, 0, 0, 0, 0, 0, 0, 0, 0, "", 0, 0, 0, 0, 0, 0, 0, 0, 0, "", 5, 0, 20, 80, 60, 0, "", "", "ROUT", 0, 1, 1, 0, 0, 0, 0, 0, 0, 0, 0, 0, 0, 0, 0, 0, 0, 2000, 0, 0.1, 0, 0, 0, 1, 110
  @ START_POINT, 0 : RAMX+47+20, RAMY+47, 0
  @ LINE_EP, 0 : RAMX+47+50, RAMY+47, 0, 3.1, 0, 0, 0, 0, 0
  @ LINE_EP, 0 : lpx-h3, RAMY+47, 0, 0, 0, 0, 0, 0, 0
  @ ARC_EPRA, 0 : lpx-h3, lpy-RAMY-47, rRr6-14, 1, 0, 0, 0, 0, 0, 0
  @ ARC_EPRA, 0 : lpx-RAMX-47, lpy/2+6, rRr6-100, 2, 0, 0, 0, 0, 0, 1
  @ ARC_EPRA, 0 : lpx-RAMX-47, lpy/2+6-12, 6, 1, 0, 0, 0, 0, 0, 1
  @ LINE_EP, 0 : lpx-RAMX-47, lpy/2+6-18, 0, 0, 0, 0, 0, 0, 0
  @ ARC_EPRA, 0 : lpx-RAMX-47, lpy/2+6+6, 12, 2, 0, 0, 0, 0, 0, 1
  @ LINE_EP, 0 : lpx-RAMX-47, lpy/2+6+12, 0, 0, 0, 0, 0, 0, 0
  @ ARC_EPRA, 0 : lpx-RAMX-47, lpy/2+6-24, 18, 1, 0, 0, 0, 0, 0, 1
  @ LINE_EP, 0 : lpx-RAMX-47, lpy/2+18, 0, 0, 0, 0, 0, 0, 0
  @ ARC_EPRA, 0 : lpx-h3, lpy-RAMY-47, rRr6-100, 1, 0, 0, 0, 0, 0, 1
  @ LINE_EP, 0 : h3, lpy-RAMY-47, 0, 0, 0, 0, 0, 0, 0
  @ ARC_EPRA, 0 : h3, RAMY+47, rRr6-14, 0, 0, 0, 0, 0, 0, 1
  @ ARC_EPRA, 0 : RAMX+47, lpy/2+6, rRr6-100, 2, 0, 0, 0, 0, 0, 0
  @ LINE_EP, 0 : RAMX+47, lpy/2-6, 0, 0, 0, 0, 0, 0, 0
  @ ARC_EPRA, 0 : RAMX+47, lpy/2-6+12, 6, 1, 0, 0, 0, 0, 0, 0
  @ LINE_EP, 0 : RAMX+47, lpy/2-6+18, 0, 0, 0, 0, 0, 0, 0
  @ ARC_EPRA, 0 : RAMX+47, lpy/2-6-6, 12, 2, 0, 0, 0, 0, 0, 0
  @ LINE_EP, 0 : RAMX+47, lpy/2-6-12, 0, 0, 0, 0, 0, 0, 0
  @ ARC_EPRA, 0 : RAMX+47, lpy/2-6+24, 18, 1, 0, 0, 0, 0, 0, 0
  @ LINE_EP, 0 : RAMX+47, lpy/2-18, 0, 0, 0, 0, 0, 0, 0
  @ ARC_EPRA, 0 : h3, RAMY+47, rRr6-100, 1, 0, 0, 0, 0, 0, 0
  @ LINE_EP, 0 : RAMX+47+60, RAMY+47, 0, 0, 0, 0, 0, 0, 0
  @ LINE_EP, 0 : RAMX+47+80, RAMY+47, 0, -1, 0, 0, 0, 0, 0
  @ ENDPATH, 0 :
  
@ ROUT, 0 : "156", 0, "1", 0, 0, "", 1, 18, -1, 0, 0, 0, 0, 0, 0, 0, 0, 0, 0, 0, 0, 0, 0, 0, 0, 0, 0, 0, 1, 0, 0, 0, 0, 1, 0, 0, 0, 0, 0, 1, 0, -1, 0, 5000, 18000, 0, 8000, "156", 103, 1, 0, 0, 90, 0, 0, 0, 0, 0, 0, 90, 0, 0, 0, 0, 0, 0, 0, 0, 0, 0, "", 0, 0, 0, 0, 0, 0, 0, 0, 0, "", 5, 0, 20, 80, 60, 0, "", "", "ROUT", 0, 1, 1, 0, 0, 0, 0, 0, 0, 0, 0, 0, 0, 0, 0, 0, 0, 2000, 0, 0.1, 0, 0, 0, 1, 110
  @ START_POINT, 0 : RAMX+OBV1+10, RAMY+OBV1, 0
  @ LINE_EP, 0 : RAMX+OBV1+80, RAMY+OBV1, 0, T_9, 0, 0, 0, 0, 0
  @ LINE_EP, 0 : lpx-RAMX-OBV1-6, RAMY+OBV1, 0, 0, 0, 0, 0, 0, 0
  @ ARC_EPRA, 0 : lpx-RAMX-OBV1-6, lpy-RAMY-OBV1, rRr6, 1, 0, 0, 0, 0, 0, 0
  @ LINE_EP, 0 : RAMX+OBV1+6, lpy-RAMY-OBV1, 0, 0, 0, 0, 0, 0, 0
  @ ARC_EPRA, 0 : RAMX+OBV1+6, RAMY+OBV1, rRr6, 0, 0, 0, 0, 0, 0, 1
  @ LINE_EP, 0 : RAMX+OBV1+90, RAMY+OBV1, 0, 0, 0, 0, 0, 0, 0
  @ LINE_EP, 0 : RAMX+OBV1+110, RAMY+OBV1, 0, -1, 0, 0, 0, 0, 0
  @ ENDPATH, 0 :

@ ROUT, 0 : "150", 0, "1", 0, 0, "", 1, 18, -1, 0, 0, 0, 0, 0, 0, 0, 0, 0, 0, 0, 0, 0, 0, 0, 0, 0, 0, 0, 1, 0, 0, 0, 0, 1, 0, 0, 0, 0, 0, 1, 0, -1, 0, 5000, 18000, 0, 8000, "150", 103, 1, 0, 0, 90, 0, 0, 0, 0, 0, 0, 90, 0, 0, 0, 0, 0, 0, 0, 0, 0, 0, "", 0, 0, 0, 0, 0, 0, 0, 0, 0, "", 5, 0, 20, 80, 60, 0, "", "", "ROUT", 0, 1, 1, 0, 0, 0, 0, 0, 0, 0, 0, 0, 0, 0, 0, 0, 0, 2000, 0, 0.1, 0, 0, 0, 1, 110
  @ START_POINT, 0 : RAMX+OBV3+20, RAMY+OBV3, 0
  @ LINE_EP, 0 : lpx-RAMX-OBV3, RAMY+OBV3, T_9, 0, 0, 0, 0, 0, 0
  @ LINE_EP, 0 : lpx-RAMX-OBV3, lpy-RAMY-OBV3, 0, 0, 0, 0, 0, 0, 0
  @ LINE_EP, 0 : RAMX+OBV3, lpy-RAMY-OBV3, 0, 0, 0, 0, 0, 0, 0
  @ LINE_EP, 0 : RAMX+OBV3, RAMY+OBV3, 0, 0, 0, 0, 0, 0, 0
  @ LINE_EP, 0 : RAMX+OBV3+30, RAMY+OBV3, 0, 0, 0, 0, 0, 0, 0
  @ LINE_EP, 0 : RAMX+OBV3+60, RAMY+OBV3, 0, -1, 0, 0, 0, 0, 0
  @ ENDPATH, 0 :

@ ROUT, 0 : "150", 0, "1", 0, 0, "", 1, 18, -1, 0, 0, 0, 0, 0, 0, 0, 0, 0, 0, 0, 0, 0, 0, 0, 0, 0, 0, 0, 1, 0, 0, 0, 0, 1, 0, 0, 0, 0, 0, 1, 0, -1, 0, 5000, 18000, 0, 8000, "150", 103, 1, 0, 0, 90, 0, 0, 0, 0, 0, 0, 90, 0, 0, 0, 0, 0, 0, 0, 0, 0, 0, "", 0, 0, 0, 0, 0, 0, 0, 0, 0, "", 5, 0, 20, 80, 60, 0, "", "", "ROUT", 0, 1, 1, 0, 0, 0, 0, 0, 0, 0, 0, 0, 0, 0, 0, 0, 0, 2000, 0, 0.1, 0, 0, 0, 1, 110
  @ START_POINT, 0 : RAMX+OBV5+20, RAMY+OBV5, 0
  @ LINE_EP, 0 : lpx-RAMX-OBV5, RAMY+OBV5, 3.1, 0, 0, 0, 0, 0, 0
  @ ARC_EPRA, 0 : lpx-RAMX-OBV5, lpy-RAMY-OBV5, rRr1, 1, 0, 0, 0, 0, 0, 0
  @ ARC_EPRA, 0 : lpx-RAMX-OBV5, RAMY+OBV5, rRr2, 2, 0, 0, 0, 0, 0, 0
  @ ARC_EPRA, 0 : lpx-RAMX-OBV5, lpy-RAMY-OBV5, rRr3, 1, 0, 0, 0, 0, 0, 0
  @ ARC_EPRA, 0 : lpx-RAMX-OBV5, RAMY+OBV5, rRr4, 2, 0, 0, 0, 0, 0, 0
  @ LINE_EP, 0 : lpx-RAMX-OBV5, lpy-RAMY-OBV5, 0, 0, 0, 0, 0, 0, 0
  @ LINE_EP, 0 : RAMX+OBV5, lpy-RAMY-OBV5, 0, 0, 0, 0, 0, 0, 0
  @ ARC_EPRA, 0 : RAMX+OBV5, RAMY+OBV5, rRr1, 0, 0, 0, 0, 0, 0, 1
  @ ARC_EPRA, 0 : RAMX+OBV5, lpy-RAMY-OBV5, rRr2, 2, 0, 0, 0, 0, 0, 1
  @ ARC_EPRA, 0 : RAMX+OBV5, RAMY+OBV5, rRr3, 0, 0, 0, 0, 0, 0, 1
  @ ARC_EPRA, 0 : RAMX+OBV5, lpy-RAMY-OBV5, rRr4, 2, 0, 0, 0, 0, 0, 1
  @ LINE_EP, 0 : RAMX+OBV5, RAMY+OBV5, 0, 0, 0, 0, 0, 0, 0
  @ LINE_EP, 0 : RAMX+OBV5+30, RAMY+OBV5, 0, 0, 0, 0, 0, 0, 0
  @ LINE_EP, 0 : RAMX+OBV5+60, RAMY+OBV5, 0, -1, 0, 0, 0, 0, 0
  @ ENDPATH, 0 :  

' kray18  
  
@ ROUT, 0 : "144", 0, "1", 0, 0, "", 1, 18, -1, 0, 0, 0, 0, 0, 0, 0, 0, 0, 0, 0, 0, 0, 0, 0, 0, 0, 0, 0, 1, 0, 0, 0, 0, 1, 0, 0, 0, 0, 0, 1, 0, -1, 0, 5000, 18000, 0, 8000, "144", 103, 1, 0, 0, 90, 0, 0, 0, 0, 0, 0, 90, 0, 0, 0, 0, 0, 0, 0, 0, 0, 0, "", 0, 0, 0, 0, 0, 0, 0, 0, 0, "", 5, 0, 20, 80, 60, 0, "", "", "ROUT", 0, 1, 1, 0, 0, 0, 0, 0, 0, 0, 0, 0, 0, 0, 0, 0, 0, 2000, 0, 0.1, 0, 0, 0, 1, 110
  @ START_POINT, 0 : RAMX+OBV4+20, RAMY+OBV4, 0
  @ LINE_EP, 0 : lpx-RAMX-OBV4, RAMY+OBV4, T_9, 0, 0, 0, 0, 0, 0
  @ LINE_EP, 0 : lpx-RAMX-OBV4+10, RAMY+OBV4-10, 0, -10, 0, 0, 0, 0, 0
  @ LINE_EP, 0 : lpx-RAMX-OBV4, RAMY+OBV4, 0, 10, 0, 0, 0, 0, 0
  @ LINE_EP, 0 : lpx-RAMX-OBV4, lpy-RAMY-OBV4, 0, 0, 0, 0, 0, 0, 0
  @ LINE_EP, 0 : lpx-RAMX-OBV4+10, lpy-RAMY-OBV4+10, 0, -10, 0, 0, 0, 0, 0
  @ LINE_EP, 0 : lpx-RAMX-OBV4, lpy-RAMY-OBV4, 0, 10, 0, 0, 0, 0, 0
  @ LINE_EP, 0 : RAMX+OBV4, lpy-RAMY-OBV4, 0, 0, 0, 0, 0, 0, 0
  @ LINE_EP, 0 : RAMX+OBV4-10, lpy-RAMY-OBV4+10, 0, -10, 0, 0, 0, 0, 0
  @ LINE_EP, 0 : RAMX+OBV4, lpy-RAMY-OBV4, 0, 10, 0, 0, 0, 0, 0
  @ LINE_EP, 0 : RAMX+OBV4, RAMY+OBV4, 0, 0, 0, 0, 0, 0, 0
  @ LINE_EP, 0 : RAMX+OBV4-10, RAMY+OBV4-10, 0, -10, 0, 0, 0, 0, 0
  @ LINE_EP, 0 : RAMX+OBV4, RAMY+OBV4, 0, 10, 0, 0, 0, 0, 0
  @ LINE_EP, 0 : RAMX+OBV4+30, RAMY+OBV4, 0, 0, 0, 0, 0, 0, 0
  @ LINE_EP, 0 : RAMX+OBV4+60, RAMY+OBV4, 0, -1, 0, 0, 0, 0, 0
  @ ENDPATH, 0 :  

  
@ ROUT, 0 : "144", 0, "1", 0, 0, "", 1, 18, -1, 0, 0, 0, 0, 0, 0, 0, 0, 0, 0, 0, 0, 0, 0, 0, 0, 0, 0, 0, 1, 0, 0, 0, 0, 1, 0, 0, 0, 0, 0, 1, 0, -1, 0, 5000, 18000, 0, 8000, "144", 103, 1, 0, 0, 90, 0, 0, 0, 0, 0, 0, 90, 0, 0, 0, 0, 0, 0, 0, 0, 0, 0, "", 0, 0, 0, 0, 0, 0, 0, 0, 0, "", 5, 0, 20, 80, 60, 0, "", "", "ROUT", 0, 1, 1, 0, 0, 0, 0, 0, 0, 0, 0, 0, 0, 0, 0, 0, 0, 2000, 0, 0.1, 0, 0, 0, 1, 110
  @ START_POINT, 0 : 100, lpy/2+3.58, 0
  @ ARC_EPRA, 0 : 100, lpy/2+3.58-7.16, 3.6, 2, 4.3, 0, 0, 0, 0, 1
  @ LINE_EP, 0 : 100, lpy/2+3.58-7.16, 0, -3, 0, 0, 0, 0, 0
  @ LINE_EP, 0 : 105.457, lpy/2+5.575, 0, 0, 0, 0, 0, 0, 0
  @ LINE_EP, 0 : 105.457, lpy/2+5.575, 0, 2.5, 0, 0, 0, 0, 0
  @ ARC_EPRA, 0 : 105.457+5.241, lpy/2+5.575-1.188, 3.807, 2, 0, 0.5, 0, 0, 0, 1
  @ ARC_EPRA, 0 : 105.457+5.241, lpy/2+5.575-1.188-8.775, 8.205, 2, 0, 0, 0, 0, 0, 0
  @ ARC_EPRA, 0 : 105.457, lpy/2+5.575-11.15, 3.807, 2, 0, -0.5, 0, 0, 0, 0
  @ LINE_EP, 0 : 105.457, lpy/2+5.575-11.15, 0, -2.5, 0, 0, 0, 0, 0
  @ LINE_EP, 0 : 108, lpy/2+11, 0, 0, 0, 0, 0, 0, 0
  @ LINE_EP, 0 : 108, lpy/2+11, 0, 2.5, 0, 0, 0, 0, 0
  @ ARC_EPRA, 0 : 108-6.572, lpy/2+14.24, 3.685, 1, 0, 0.5, 0, 0, 0, 0
  @ ARC_EPRA, 0 : 108-6.572-0.28, lpy/2+14.24-6.055, 10.5, 1, 0, -0.5, 0, 0, 0, 1
  @ LINE_EP, 0 : 108-6.572-0.28, lpy/2+14.24-6.055, 0, -2.5, 0, 0, 0, 0, 0
  @ LINE_EP, 0 : 108, lpy/2-11, 0, 0, 0, 0, 0, 0, 0
  @ LINE_EP, 0 : 108, lpy/2-11, 0, 2.5, 0, 0, 0, 0, 0
  @ ARC_EPRA, 0 : 108-6.572, lpy/2-11-3.24, 3.685, 2, 0, 0.5, 0, 0, 0, 0
  @ ARC_EPRA, 0 : 108-6.572-0.28, lpy/2-11-3.24+6.055, 10.5, 2, 0, -0.5, 0, 0, 0, 0
  @ LINE_EP, 0 : 108-6.572-0.28, lpy/2-11-3.24+6.055, 0, -2.5, 0, 0, 0, 0, 0
  @ ENDPATH, 0 : 
  
@ ROUT, 0 : "144", 0, "1", 0, 0, "", 1, 18, -1, 0, 0, 0, 0, 0, 0, 0, 0, 0, 0, 0, 0, 0, 0, 0, 0, 0, 0, 0, 1, 0, 0, 0, 0, 1, 0, 0, 0, 0, 0, 1, 0, -1, 0, 5000, 18000, 0, 8000, "144", 103, 1, 0, 0, 90, 0, 0, 0, 0, 0, 0, 90, 0, 0, 0, 0, 0, 0, 0, 0, 0, 0, "", 0, 0, 0, 0, 0, 0, 0, 0, 0, "", 5, 0, 20, 80, 60, 0, "", "", "ROUT", 0, 1, 1, 0, 0, 0, 0, 0, 0, 0, 0, 0, 0, 0, 0, 0, 0, 2000, 0, 0.1, 0, 0, 0, 1, 110
  @ START_POINT, 0 : lpx-100, lpy/2+3.58, 0
  @ ARC_EPRA, 0 : lpx-100, lpy/2+3.58-7.16, 3.6, 1, 4.3, 0, 0, 0, 0, 0
  @ LINE_EP, 0 : lpx-100, lpy/2+3.58-7.16, 0, -3, 0, 0, 0, 0, 0
  @ LINE_EP, 0 : lpx-105.457, lpy/2+5.575, 0, 0, 0, 0, 0, 0, 0
  @ LINE_EP, 0 : lpx-105.457, lpy/2+5.575, 0, 2.5, 0, 0, 0, 0, 0
  @ ARC_EPRA, 0 : lpx-105.457-5.241, lpy/2+5.575-1.188, 3.807, 1, 0, 0.5, 0, 0, 0, 1
  @ ARC_EPRA, 0 : lpx-105.457-5.241, lpy/2+5.575-1.188-8.775, 8.205, 1, 0, 0, 0, 0, 0, 1
  @ ARC_EPRA, 0 : lpx-105.457, lpy/2+5.575-11.15, 3.807, 1, 0, -0.5, 0, 0, 0, 0
  @ LINE_EP, 0 : lpx-105.457, lpy/2+5.575-11.15, 0, -2.5, 0, 0, 0, 0, 0
  @ LINE_EP, 0 : lpx-108, lpy/2+11, 0, 0, 0, 0, 0, 0, 0
  @ LINE_EP, 0 : lpx-108, lpy/2+11, 0, 2.5, 0, 0, 0, 0, 0
  @ ARC_EPRA, 0 : lpx-108+6.572, lpy/2+14.24, 3.685, 2, 0, 0.5, 0, 0, 0, 0
  @ ARC_EPRA, 0 : lpx-108+6.572+0.28, lpy/2+14.24-6.055, 10.5, 2, 0, -0.5, 0, 0, 0, 1
  @ LINE_EP, 0 : lpx-108+6.572+0.28, lpy/2+14.24-6.055, 0, -2.5, 0, 0, 0, 0, 0
  @ LINE_EP, 0 : lpx-108, lpy/2-11, 0, 0, 0, 0, 0, 0, 0
  @ LINE_EP, 0 : lpx-108, lpy/2-11, 0, 2.5, 0, 0, 0, 0, 0
  @ ARC_EPRA, 0 : lpx-108+6.572, lpy/2-11-3.24, 3.685, 1, 0, 0.5, 0, 0, 0, 0
  @ ARC_EPRA, 0 : lpx-108+6.572+0.28, lpy/2-11-3.24+6.055, 10.5, 1, 0, -0.5, 0, 0, 0, 0
  @ LINE_EP, 0 : lpx-108+6.572+0.28, lpy/2-11-3.24+6.055, 0, -2.5, 0, 0, 0, 0, 0
  @ ENDPATH, 0 :
