@ ROUT, 0 : "157", 0, "1", 0, 0, "", 1, 18, -1, 0, 0, 0, 0, 0, 0, 0, 0, 0, 0, 0, 0, 0, 0, 0, 0, 0, 0, 0, 1, 0, 0, 0, 0, 1, 0, 0, 0, 0, 0, 1, 0, -1, 0, 5000, 18000, 0, 8000, "157", 103, 1, 0, 0, 90, 0, 0, 0, 0, 0, 0, 90, 0, 0, 0, 0, 0, 0, 0, 0, 0, 0, "", 0, 0, 0, 0, 0, 0, 0, 0, 0, "", 5, 0, 20, 80, 60, 0, "", "", "ROUT", 0, 1, 1, 0, 0, 0, 0, 0, 0, 0, 0, 0, 0, 0, 0, 0, 0, 2000, 0, 0.1, 0, 0, 0, 1, 110
  @ START_POINT, 0 : RAMX+OBV0+10, RAMY+OBV0, 0
  @ LINE_EP, 0 : RAMX+OBV0+60, RAMY+OBV0, 0, T_9, 0, 0, 0, 0, 0
  @ LINE_EP, 0 : lpx-RAMX-OBV0, RAMY+OBV0, 0, 0, 0, 0, 0, 0, 0
  @ LINE_EP, 0 : lpx-RAMX-OBV0, lpy-RAMY-OBV0, 0, 0, 0, 0, 0, 0, 0
  @ LINE_EP, 0 : RAMX+OBV0, lpy-RAMY-OBV0, 0, 0, 0, 0, 0, 0, 0
  @ LINE_EP, 0 : RAMX+OBV0, RAMY+OBV0, 0, 0, 0, 0, 0, 0, 0
  @ LINE_EP, 0 : RAMX+OBV0+70, RAMY+OBV0, 0, 0, 0, 0, 0, 0, 0
  @ LINE_EP, 0 : RAMX+OBV0+90, RAMY+OBV0, 0, -1, 0, 0, 0, 0, 0
  @ ENDPATH, 0 :
  
@ ROUT, 0 : "157", 0, "1", 0, 0, "", 1, 18, -1, 0, 0, 0, 0, 0, 0, 0, 0, 0, 0, 0, 0, 0, 0, 0, 0, 0, 0, 0, 1, 0, 0, 0, 0, 1, 0, 0, 0, 0, 0, 1, 0, -1, 0, 5000, 18000, 0, 8000, "157", 103, 1, 0, 0, 90, 0, 0, 0, 0, 0, 0, 90, 0, 0, 0, 0, 0, 0, 0, 0, 0, 0, "", 0, 0, 0, 0, 0, 0, 0, 0, 0, "", 5, 0, 20, 80, 60, 0, "", "", "ROUT", 0, 1, 1, 0, 0, 0, 0, 0, 0, 0, 0, 0, 0, 0, 0, 0, 0, 2000, 0, 0.1, 0, 0, 0, 1, 110
  @ START_POINT, 0 : RAMX+47, RAMY+47+20, 0
  @ LINE_EP, 0 : RAMX+47, RAMY+47+50, 0, 3.1, 0, 0, 0, 0, 0
  @ LINE_EP, 0 : RAMX+47, lpy-h3, 0, 0, 0, 0, 0, 0, 0
  @ ARC_EPRA, 0 : lpx-RAMX-47, lpy-h3, rRr6-14, 2, 0, 0, 0, 0, 0, 1
  @ ARC_EPRA, 0 : lpx/2+6, lpy-RAMY-47, rRr6-100, 1, 0, 0, 0, 0, 0, 1
  @ ARC_EPRA, 0 : lpx/2+6-12, lpy-RAMY-47, 6, 2, 0, 0, 0, 0, 0, 1
  @ LINE_EP, 0 : lpx/2+6-18, lpy-RAMY-47, 0, 0, 0, 0, 0, 0, 0
  @ ARC_EPRA, 0 : lpx/2+6+6, lpy-RAMY-47, 12, 1, 0, 0, 0, 0, 0, 0
  @ LINE_EP, 0 : lpx/2+6+12, lpy-RAMY-47, 0, 0, 0, 0, 0, 0, 0
  @ ARC_EPRA, 0 : lpx/2+6-24, lpy-RAMY-47, 18, 2, 0, 0, 0, 0, 0, 1
  @ LINE_EP, 0 : lpx/2+18, lpy-RAMY-47, 0, 0, 0, 0, 0, 0, 0
  @ ARC_EPRA, 0 : lpx-RAMX-47, lpy-h3, rRr6-100, 2, 0, 0, 0, 0, 0, 1
  @ LINE_EP, 0 : lpx-RAMX-47, h3, 0, 0, 0, 0, 0, 0, 0
  @ ARC_EPRA, 0 : RAMX+47, h3, rRr6-14, 2, 0, 0, 0, 0, 0, 0
  @ ARC_EPRA, 0 : lpx/2+6, RAMY+47, rRr6-100, 1, 0, 0, 0, 0, 0, 0
  @ LINE_EP, 0 : lpx/2-6, RAMY+47, 0, 0, 0, 0, 0, 0, 0
  @ ARC_EPRA, 0 : lpx/2-6+12, RAMY+47, 6, 2, 0, 0, 0, 0, 0, 0
  @ LINE_EP, 0 : lpx/2-6+18, RAMY+47, 0, 0, 0, 0, 0, 0, 0
  @ ARC_EPRA, 0 : lpx/2-6-6, RAMY+47, 12, 1, 0, 0, 0, 0, 0, 0
  @ LINE_EP, 0 : lpx/2-6-12, RAMY+47, 0, 0, 0, 0, 0, 0, 0
  @ ARC_EPRA, 0 : lpx/2-6+24, RAMY+47, 18, 2, 0, 0, 0, 0, 0, 0
  @ LINE_EP, 0 : lpx/2-18, RAMY+47, 0, 0, 0, 0, 0, 0, 0
  @ ARC_EPRA, 0 : RAMX+47, h3, rRr6-100, 2, 0, 0, 0, 0, 0, 0
  @ LINE_EP, 0 : RAMX+47, RAMY+47+60, 0, 0, 0, 0, 0, 0, 0
  @ LINE_EP, 0 : RAMX+47, RAMY+47+80, 0, -1, 0, 0, 0, 0, 0
  @ ENDPATH, 0 
  
@ ROUT, 0 : "156", 0, "1", 0, 0, "", 1, 18, -1, 0, 0, 0, 0, 0, 0, 0, 0, 0, 0, 0, 0, 0, 0, 0, 0, 0, 0, 0, 1, 0, 0, 0, 0, 1, 0, 0, 0, 0, 0, 1, 0, -1, 0, 5000, 18000, 0, 8000, "156", 103, 1, 0, 0, 90, 0, 0, 0, 0, 0, 0, 90, 0, 0, 0, 0, 0, 0, 0, 0, 0, 0, "", 0, 0, 0, 0, 0, 0, 0, 0, 0, "", 5, 0, 20, 80, 60, 0, "", "", "ROUT", 0, 1, 1, 0, 0, 0, 0, 0, 0, 0, 0, 0, 0, 0, 0, 0, 0, 2000, 0, 0.1, 0, 0, 0, 1, 110
  @ START_POINT, 0 : RAMX+OBV1, RAMY+OBV1+10, 0
  @ LINE_EP, 0 : RAMX+OBV1, RAMY+OBV1+60, 0, T_9, 0, 0, 0, 0, 0
  @ LINE_EP, 0 : RAMX+OBV1, lpy-RAMY-OBV1-6, 0, 0, 0, 0, 0, 0, 0
  @ ARC_EPRA, 0 : lpx-RAMX-OBV1, lpy-RAMY-OBV1-6, rRr6, 2, 0, 0, 0, 0, 0, 1
  @ LINE_EP, 0 : lpx-RAMX-OBV1, RAMY+OBV1+6, 0, 0, 0, 0, 0, 0, 0
  @ ARC_EPRA, 0 : RAMX+OBV1, RAMY+OBV1+6, rRr6, 2, 0, 0, 0, 0, 0, 0
  @ LINE_EP, 0 : RAMX+OBV1, RAMY+OBV1+70, 0, 0, 0, 0, 0, 0, 0
  @ LINE_EP, 0 : RAMX+OBV1, RAMY+OBV1+90, 0, -1, 0, 0, 0, 0, 0
  @ ENDPATH, 0 :

@ ROUT, 0 : "150", 0, "1", 0, 0, "", 1, 18, -1, 0, 0, 0, 0, 0, 0, 0, 0, 0, 0, 0, 0, 0, 0, 0, 0, 0, 0, 0, 1, 0, 0, 0, 0, 1, 0, 0, 0, 0, 0, 1, 0, -1, 0, 5000, 18000, 0, 8000, "150", 103, 1, 0, 0, 90, 0, 0, 0, 0, 0, 0, 90, 0, 0, 0, 0, 0, 0, 0, 0, 0, 0, "", 0, 0, 0, 0, 0, 0, 0, 0, 0, "", 5, 0, 20, 80, 60, 0, "", "", "ROUT", 0, 1, 1, 0, 0, 0, 0, 0, 0, 0, 0, 0, 0, 0, 0, 0, 0, 2000, 0, 0.1, 0, 0, 0, 1, 110
  @ START_POINT, 0 : RAMX+OBV3+20, RAMY+OBV3, 0
  @ LINE_EP, 0 : lpx-RAMX-OBV3, RAMY+OBV3, T_9, 0, 0, 0, 0, 0, 0
  @ LINE_EP, 0 : lpx-RAMX-OBV3, lpy-RAMY-OBV3, 0, 0, 0, 0, 0, 0, 0
  @ LINE_EP, 0 : RAMX+OBV3, lpy-RAMY-OBV3, 0, 0, 0, 0, 0, 0, 0
  @ LINE_EP, 0 : RAMX+OBV3, RAMY+OBV3, 0, 0, 0, 0, 0, 0, 0
  @ LINE_EP, 0 : RAMX+OBV3+30, RAMY+OBV3, 0, 0, 0, 0, 0, 0, 0
  @ LINE_EP, 0 : RAMX+OBV3+60, RAMY+OBV3, 0, -1, 0, 0, 0, 0, 0
  @ ENDPATH, 0 :

@ ROUT, 0 : "150", 0, "1", 0, 0, "", 1, 18, -1, 0, 0, 0, 0, 0, 0, 0, 0, 0, 0, 0, 0, 0, 0, 0, 0, 0, 0, 0, 1, 0, 0, 0, 0, 1, 0, 0, 0, 0, 0, 1, 0, -1, 0, 5000, 18000, 0, 8000, "150", 103, 1, 0, 0, 90, 0, 0, 0, 0, 0, 0, 90, 0, 0, 0, 0, 0, 0, 0, 0, 0, 0, "", 0, 0, 0, 0, 0, 0, 0, 0, 0, "", 5, 0, 20, 80, 60, 0, "", "", "ROUT", 0, 1, 1, 0, 0, 0, 0, 0, 0, 0, 0, 0, 0, 0, 0, 0, 0, 2000, 0, 0.1, 0, 0, 0, 1, 110
  @ START_POINT, 0 : RAMX+OBV5, lpy/2+5, 0
  @ LINE_EP, 0 : RAMX+OBV5, RAMY+OBV5, 3.1, 0, 0, 0, 0, 0, 0
  @ ARC_EPRA, 0 : lpx-RAMX-OBV5, RAMY+OBV5, rRr1, 1, 0, 0, 0, 0, 0, 0
  @ ARC_EPRA, 0 : RAMX+OBV5, RAMY+OBV5, rRr2, 2, 0, 0, 0, 0, 0, 0
  @ ARC_EPRA, 0 : lpx-RAMX-OBV5, RAMY+OBV5, rRr3, 1, 0, 0, 0, 0, 0, 0
  @ ARC_EPRA, 0 : RAMX+OBV5, RAMY+OBV5, rRr4, 2, 0, 0, 0, 0, 0, 0
  @ LINE_EP, 0 : lpx-RAMX-OBV5, RAMY+OBV5, 0, 0, 0, 0, 0, 0, 0
  @ LINE_EP, 0 : lpx-RAMX-OBV5, lpy-RAMY-OBV5, 0, 0, 0, 0, 0, 0, 0
  @ ARC_EPRA, 0 : RAMX+OBV5, lpy-RAMY-OBV5, rRr1, 0, 0, 0, 0, 0, 0, 1
  @ ARC_EPRA, 0 : lpx-RAMX-OBV5, lpy-RAMY-OBV5, rRr2, 2, 0, 0, 0, 0, 0, 1
  @ ARC_EPRA, 0 : RAMX+OBV5, lpy-RAMY-OBV5, rRr3, 0, 0, 0, 0, 0, 0, 1
  @ ARC_EPRA, 0 : lpx-RAMX-OBV5, lpy-RAMY-OBV5, rRr4, 2, 0, 0, 0, 0, 0, 1
  @ LINE_EP, 0 : RAMX+OBV5, lpy-RAMY-OBV5, 0, 0, 0, 0, 0, 0, 0
  @ LINE_EP, 0 : RAMX+OBV5, lpy/2, 0, 0, 0, 0, 0, 0, 0
  @ LINE_EP, 0 : RAMX+OBV5, lpy/2-5, 0, -1, 0, 0, 0, 0, 0
  @ ENDPATH, 0 :  

' kray18  
  
@ ROUT, 0 : "144", 0, "1", 0, 0, "", 1, 18, -1, 0, 0, 0, 0, 0, 0, 0, 0, 0, 0, 0, 0, 0, 0, 0, 0, 0, 0, 0, 1, 0, 0, 0, 0, 1, 0, 0, 0, 0, 0, 1, 0, -1, 0, 5000, 18000, 0, 8000, "144", 103, 1, 0, 0, 90, 0, 0, 0, 0, 0, 0, 90, 0, 0, 0, 0, 0, 0, 0, 0, 0, 0, "", 0, 0, 0, 0, 0, 0, 0, 0, 0, "", 5, 0, 20, 80, 60, 0, "", "", "ROUT", 0, 1, 1, 0, 0, 0, 0, 0, 0, 0, 0, 0, 0, 0, 0, 0, 0, 2000, 0, 0.1, 0, 0, 0, 1, 110
  @ START_POINT, 0 : RAMX+OBV4+20, RAMY+OBV4, 0
  @ LINE_EP, 0 : lpx-RAMX-OBV4, RAMY+OBV4, T_9, 0, 0, 0, 0, 0, 0
  @ LINE_EP, 0 : lpx-RAMX-OBV4+10, RAMY+OBV4-10, 0, -10, 0, 0, 0, 0, 0
  @ LINE_EP, 0 : lpx-RAMX-OBV4, RAMY+OBV4, 0, 10, 0, 0, 0, 0, 0
  @ LINE_EP, 0 : lpx-RAMX-OBV4, lpy-RAMY-OBV4, 0, 0, 0, 0, 0, 0, 0
  @ LINE_EP, 0 : lpx-RAMX-OBV4+10, lpy-RAMY-OBV4+10, 0, -10, 0, 0, 0, 0, 0
  @ LINE_EP, 0 : lpx-RAMX-OBV4, lpy-RAMY-OBV4, 0, 10, 0, 0, 0, 0, 0
  @ LINE_EP, 0 : RAMX+OBV4, lpy-RAMY-OBV4, 0, 0, 0, 0, 0, 0, 0
  @ LINE_EP, 0 : RAMX+OBV4-10, lpy-RAMY-OBV4+10, 0, -10, 0, 0, 0, 0, 0
  @ LINE_EP, 0 : RAMX+OBV4, lpy-RAMY-OBV4, 0, 10, 0, 0, 0, 0, 0
  @ LINE_EP, 0 : RAMX+OBV4, RAMY+OBV4, 0, 0, 0, 0, 0, 0, 0
  @ LINE_EP, 0 : RAMX+OBV4-10, RAMY+OBV4-10, 0, -10, 0, 0, 0, 0, 0
  @ LINE_EP, 0 : RAMX+OBV4, RAMY+OBV4, 0, 10, 0, 0, 0, 0, 0
  @ LINE_EP, 0 : RAMX+OBV4+30, RAMY+OBV4, 0, 0, 0, 0, 0, 0, 0
  @ LINE_EP, 0 : RAMX+OBV4+60, RAMY+OBV4, 0, -1, 0, 0, 0, 0, 0
  @ ENDPATH, 0 :  
  
@ ROUT, 0 : "144", 0, "1", 0, 0, "", 1, 18, -1, 0, 0, 0, 0, 0, 0, 0, 0, 0, 0, 0, 0, 0, 0, 0, 0, 0, 0, 0, 1, 0, 0, 0, 0, 1, 0, 0, 0, 0, 0, 1, 0, -1, 0, 5000, 18000, 0, 8000, "144", 103, 1, 0, 0, 90, 0, 0, 0, 0, 0, 0, 90, 0, 0, 0, 0, 0, 0, 0, 0, 0, 0, "", 0, 0, 0, 0, 0, 0, 0, 0, 0, "", 5, 0, 20, 80, 60, 0, "", "", "ROUT", 0, 1, 1, 0, 0, 0, 0, 0, 0, 0, 0, 0, 0, 0, 0, 0, 0, 2000, 0, 0.1, 0, 0, 0, 1, 110
  @ START_POINT, 0 : lpx/2+3.58, 100, 0
  @ ARC_EPRA, 0 : lpx/2+3.58-7.16, 100, 3.6, 1, 4.3, 0, 0, 0, 0, 0
  @ LINE_EP, 0 : lpx/2+3.58-7.16, 100, 0, -3, 0, 0, 0, 0, 0
  @ LINE_EP, 0 : lpx/2+5.575, 105.457, 0, 0, 0, 0, 0, 0, 0
  @ LINE_EP, 0 : lpx/2+5.575, 105.457, 0, 2.5, 0, 0, 0, 0, 0
  @ ARC_EPRA, 0 : lpx/2+5.575-1.188, 105.457+5.241, 3.807, 1, 0, 0.5, 0, 0, 0, 1
  @ ARC_EPRA, 0 : lpx/2+5.575-1.188-8.775, 105.457+5.241, 8.205, 1, 0, 0, 0, 0, 0, 1
  @ ARC_EPRA, 0 : lpx/2+5.575-11.15, 105.457, 3.807, 1, 0, -0.5, 0, 0, 0, 1
  @ LINE_EP, 0 : lpx/2+5.575-11.15, 105.457, 0, -2.5, 0, 0, 0, 0, 0
  @ LINE_EP, 0 : lpx/2+11, 108, 0, 0, 0, 0, 0, 0, 0
  @ LINE_EP, 0 : lpx/2+11, 108, 0, 2.5, 0, 0, 0, 0, 0
  @ ARC_EPRA, 0 : lpx/2+14.24, 108-6.572, 3.685, 2, 0, 0.5, 0, 0, 0, 1
  @ ARC_EPRA, 0 : lpx/2+14.24-6.055, 108-6.572-0.28, 10.5, 2, 0, -0.5, 0, 0, 0, 0
  @ LINE_EP, 0 : lpx/2+14.24-6.055, 108-6.572-0.28, 0, -2.5, 0, 0, 0, 0, 0
  @ LINE_EP, 0 : lpx/2-11, 108, 0, 0, 0, 0, 0, 0, 0
  @ LINE_EP, 0 : lpx/2-11, 108, 0, 2.5, 0, 0, 0, 0, 0
  @ ARC_EPRA, 0 : lpx/2-11-3.24, 108-6.572, 3.685, 1, 0, 0.5, 0, 0, 0, 1
  @ ARC_EPRA, 0 : lpx/2-11-3.24+6.055, 108-6.572-0.28, 10.5, 1, 0, -0.5, 0, 0, 0, 0
  @ LINE_EP, 0 : lpx/2-11-3.24+6.055, 108-6.572-0.28, 0, -2.5, 0, 0, 0, 0, 0
  @ ENDPATH, 0 : 
  
@ ROUT, 0 : "144", 0, "1", 0, 0, "", 1, 18, -1, 0, 0, 0, 0, 0, 0, 0, 0, 0, 0, 0, 0, 0, 0, 0, 0, 0, 0, 0, 1, 0, 0, 0, 0, 1, 0, 0, 0, 0, 0, 1, 0, -1, 0, 5000, 18000, 0, 8000, "144", 103, 1, 0, 0, 90, 0, 0, 0, 0, 0, 0, 90, 0, 0, 0, 0, 0, 0, 0, 0, 0, 0, "", 0, 0, 0, 0, 0, 0, 0, 0, 0, "", 5, 0, 20, 80, 60, 0, "", "", "ROUT", 0, 1, 1, 0, 0, 0, 0, 0, 0, 0, 0, 0, 0, 0, 0, 0, 0, 2000, 0, 0.1, 0, 0, 0, 1, 110
  @ START_POINT, 0 : lpx/2+3.58, lpy-100, 0
  @ ARC_EPRA, 0 : lpx/2+3.58-7.16, lpy-100, 3.6, 2, 4.3, 0, 0, 0, 0, 1
  @ LINE_EP, 0 : lpx/2+3.58-7.16, lpy-100, 0, -3, 0, 0, 0, 0, 0
  @ LINE_EP, 0 : lpx/2+5.575, lpy-105.457, 0, 0, 0, 0, 0, 0, 0
  @ LINE_EP, 0 : lpx/2+5.575, lpy-105.457, 0, 2.5, 0, 0, 0, 0, 0
  @ ARC_EPRA, 0 : lpx/2+5.575-1.188, lpy-105.457-5.241, 3.807, 2, 0, 0.5, 0, 0, 0, 0
  @ ARC_EPRA, 0 : lpx/2+5.575-1.188-8.775, lpy-105.457-5.241, 8.205, 2, 0, 0, 0, 0, 0, 0
  @ ARC_EPRA, 0 : lpx/2+5.575-11.15, lpy-105.457, 3.807, 2, 0, -0.5, 0, 0, 0, 0
  @ LINE_EP, 0 : lpx/2+5.575-11.15, lpy-105.457, 0, -2.5, 0, 0, 0, 0, 0
  @ LINE_EP, 0 : lpx/2+11, lpy-108, 0, 0, 0, 0, 0, 0, 0
  @ LINE_EP, 0 : lpx/2+11, lpy-108, 0, 2.5, 0, 0, 0, 0, 0
  @ ARC_EPRA, 0 : lpx/2+14.24, lpy-108+6.572, 3.685, 1, 0, 0.5, 0, 0, 0, 1
  @ ARC_EPRA, 0 : lpx/2+14.24-6.055, lpy-108+6.572+0.28, 10.5, 1, 0, -0.5, 0, 0, 0, 1
  @ LINE_EP, 0 : lpx/2+14.24-6.055, lpy-108+6.572+0.28, 0, -2.5, 0, 0, 0, 0, 0
  @ LINE_EP, 0 : lpx/2-11, lpy-108, 0, 0, 0, 0, 0, 0, 0
  @ LINE_EP, 0 : lpx/2-11, lpy-108, 0, 2.5, 0, 0, 0, 0, 0
  @ ARC_EPRA, 0 : lpx/2-11-3.24, lpy-108+6.572, 3.685, 2, 0, 0.5, 0, 0, 0, 1
  @ ARC_EPRA, 0 : lpx/2-11-3.24+6.055, lpy-108+6.572+0.28, 10.5, 2, 0, -0.5, 0, 0, 0, 1
  @ LINE_EP, 0 : lpx/2-11-3.24+6.055, lpy-108+6.572+0.28, 0, -2.5, 0, 0, 0, 0, 0
  @ ENDPATH, 0 :
