@ ROUT, 0 : "157", 0, "1", 0, 0, "", 1, 18, -1, 0, 0, 0, 0, 0, 0, 0, 0, 0, 0, 0, 0, 0, 0, 0, 0, 0, 0, 0, 1, 0, 0, 0, 0, 1, 0, 0, 0, 0, 0, 1, 0, -1, 0, 5000, 18000, 0, 8000, "157", 103, 1, 0, 0, 90, 0, 0, 0, 0, 0, 0, 90, 0, 0, 0, 0, 0, 0, 0, 0, 0, 0, "", 0, 0, 0, 0, 0, 0, 0, 0, 0, "", 5, 0, 20, 80, 60, 0, "", "", "ROUT", 0, 1, 1, 0, 0, 0, 0, 0, 0, 0, 0, 0, 0, 0, 0, 0, 0, 2000, 0, 0.1, 0, 0, 0, 1, 110
  @ START_POINT, 0 : RAMX+OBV0+10, RAMY+OBV0, 0
  @ LINE_EP, 0 : RAMX+OBV0+80, RAMY+OBV0, 0, T_9, 0, 0, 0, 0, 0
  @ LINE_EP, 0 : lpx-RAMX-OBV0, RAMY+OBV0, 0, 0, 0, 0, 0, 0, 0
  @ LINE_EP, 0 : lpx-RAMX-OBV0, lpy-RAMY-OBV0, 0, 0, 0, 0, 0, 0, 0
  @ LINE_EP, 0 : RAMX+OBV0, lpy-RAMY-OBV0, 0, 0, 0, 0, 0, 0, 0
  @ LINE_EP, 0 : RAMX+OBV0, RAMY+OBV0, 0, 0, 0, 0, 0, 0, 0
  @ LINE_EP, 0 : RAMX+OBV0+90, RAMY+OBV0, 0, 0, 0, 0, 0, 0, 0
  @ LINE_EP, 0 : RAMX+OBV0+110, RAMY+OBV0, 0, -1, 0, 0, 0, 0, 0
  @ ENDPATH, 0 :
  
@ ROUT, 0 : "157", 0, "1", 0, 0, "", 1, 18, -1, 0, 0, 0, 0, 0, 0, 0, 0, 0, 0, 0, 0, 0, 0, 0, 0, 0, 0, 0, 1, 0, 0, 0, 0, 1, 0, 0, 0, 0, 0, 1, 0, -1, 0, 5000, 18000, 0, 8000, "157", 103, 1, 0, 0, 90, 0, 0, 0, 0, 0, 0, 90, 0, 0, 0, 0, 0, 0, 0, 0, 0, 0, "", 0, 0, 0, 0, 0, 0, 0, 0, 0, "", 5, 0, 20, 80, 60, 0, "", "", "ROUT", 0, 1, 1, 0, 0, 0, 0, 0, 0, 0, 0, 0, 0, 0, 0, 0, 0, 2000, 0, 0.1, 0, 0, 0, 1, 110
  @ START_POINT, 0 : RAMX+47+20, RAMY+47, 0
  @ LINE_EP, 0 : RAMX+47+50, RAMY+47, 0, 3.1, 0, 0, 0, 0, 0
  @ LINE_EP, 0 : lpx-h3-10, RAMY+47, 0, 0, 0, 0, 0, 0, 0
  @ ARC_EPRA, 0 : lpx-h3-10+12, RAMY+47+12, 15, 2, 0, 0, 0, 0, 0, 1
  @ ARC_EPRA, 0 : lpx-h3-10, RAMY+47, 15, 1, 0, 0, 0, 0, 0, 1
  @ LINE_EP, 0 : lpx-h3-20, RAMY+47, 0, 0, 0, 0, 0, 0, 0
  @ ARC_EPRA, 0 : lpx-h4, RAMY+47+20, 25, 2, 0, 0, 0, 0, 0, 1
  @ ARC_EPRA, 0 : lpx-h4, lpy-RAMY-67, rRr3-14, 1, 0, 0, 0, 0, 0, 0
  @ ARC_EPRA, 0 : lpx-h3-20, lpy-RAMY-47, 25, 2, 0, 0, 0, 0, 0, 0
  @ LINE_EP, 0 : lpx-h3-10, lpy-RAMY-47, 0, 0, 0, 0, 0, 0, 0
  @ ARC_EPRA, 0 : lpx-h3-10+12, lpy-RAMY-47-12, 15, 1, 0, 0, 0, 0, 0, 0
  @ ARC_EPRA, 0 : lpx-h3-10, lpy-RAMY-47, 15, 2, 0, 0, 0, 0, 0, 0
  @ LINE_EP, 0 : h3+10, lpy-RAMY-47, 0, 0, 0, 0, 0, 0, 0
  @ ARC_EPRA, 0 : h3+10-12, lpy-RAMY-47-12, 15, 2, 0, 0, 0, 0, 0, 0
  @ ARC_EPRA, 0 : h3+10, lpy-RAMY-47, 15, 1, 0, 0, 0, 0, 0, 0
  @ LINE_EP, 0 : h3+20, lpy-RAMY-47, 0, 0, 0, 0, 0, 0, 0
  @ ARC_EPRA, 0 : h4, lpy-RAMY-67, 25, 2, 0, 0, 0, 0, 0, 0
  @ ARC_EPRA, 0 : h4, RAMY+67, rRr3-14, 0, 0, 0, 0, 0, 0, 1
  @ ARC_EPRA, 0 : h3+20, RAMY+47, 25, 2, 0, 0, 0, 0, 0, 1
  @ LINE_EP, 0 : h3+10, RAMY+47, 0, 0, 0, 0, 0, 0, 0
  @ ARC_EPRA, 0 : h3+10-12, RAMY+47+12, 15, 1, 0, 0, 0, 0, 0, 1
  @ ARC_EPRA, 0 : h3+10, RAMY+47, 15, 2, 0, 0, 0, 0, 0, 1
  @ LINE_EP, 0 : RAMX+47+60, RAMY+47, 0, 0, 0, 0, 0, 0, 0
  @ LINE_EP, 0 : RAMX+47+90, RAMY+47, 0, -1, 0, 0, 0, 0, 0
  @ ENDPATH, 0 :
  
@ ROUT, 0 : "156", 0, "1", 0, 0, "", 1, 18, -1, 0, 0, 0, 0, 0, 0, 0, 0, 0, 0, 0, 0, 0, 0, 0, 0, 0, 0, 0, 1, 0, 0, 0, 0, 1, 0, 0, 0, 0, 0, 1, 0, -1, 0, 5000, 18000, 0, 8000, "156", 103, 1, 0, 0, 90, 0, 0, 0, 0, 0, 0, 90, 0, 0, 0, 0, 0, 0, 0, 0, 0, 0, "", 0, 0, 0, 0, 0, 0, 0, 0, 0, "", 5, 0, 20, 80, 60, 0, "", "", "ROUT", 0, 1, 1, 0, 0, 0, 0, 0, 0, 0, 0, 0, 0, 0, 0, 0, 0, 2000, 0, 0.1, 0, 0, 0, 1, 110
  @ START_POINT, 0 : RAMX+OBV1+10, RAMY+OBV1, 0
  @ LINE_EP, 0 : RAMX+OBV1+80, RAMY+OBV1, 0, T_9, 0, 0, 0, 0, 0
  @ LINE_EP, 0 : lpx-RAMX-OBV1-6, RAMY+OBV1, 0, 0, 0, 0, 0, 0, 0
  @ ARC_EPRA, 0 : lpx-RAMX-OBV1-6, lpy-RAMY-OBV1, rRr6, 1, 0, 0, 0, 0, 0, 0
  @ LINE_EP, 0 : RAMX+OBV1+6, lpy-RAMY-OBV1, 0, 0, 0, 0, 0, 0, 0
  @ ARC_EPRA, 0 : RAMX+OBV1+6, RAMY+OBV1, rRr6, 0, 0, 0, 0, 0, 0, 1
  @ LINE_EP, 0 : RAMX+OBV1+90, RAMY+OBV1, 0, 0, 0, 0, 0, 0, 0
  @ LINE_EP, 0 : RAMX+OBV1+110, RAMY+OBV1, 0, -1, 0, 0, 0, 0, 0
  @ ENDPATH, 0 :

@ ROUT, 0 : "150", 0, "1", 0, 0, "", 1, 18, -1, 0, 0, 0, 0, 0, 0, 0, 0, 0, 0, 0, 0, 0, 0, 0, 0, 0, 0, 0, 1, 0, 0, 0, 0, 1, 0, 0, 0, 0, 0, 1, 0, -1, 0, 5000, 18000, 0, 8000, "150", 103, 1, 0, 0, 90, 0, 0, 0, 0, 0, 0, 90, 0, 0, 0, 0, 0, 0, 0, 0, 0, 0, "", 0, 0, 0, 0, 0, 0, 0, 0, 0, "", 5, 0, 20, 80, 60, 0, "", "", "ROUT", 0, 1, 1, 0, 0, 0, 0, 0, 0, 0, 0, 0, 0, 0, 0, 0, 0, 2000, 0, 0.1, 0, 0, 0, 1, 110
  @ START_POINT, 0 : RAMX+OBV3+20, RAMY+OBV3, 0
  @ LINE_EP, 0 : lpx-RAMX-OBV3, RAMY+OBV3, T_9, 0, 0, 0, 0, 0, 0
  @ LINE_EP, 0 : lpx-RAMX-OBV3, lpy-RAMY-OBV3, 0, 0, 0, 0, 0, 0, 0
  @ LINE_EP, 0 : RAMX+OBV3, lpy-RAMY-OBV3, 0, 0, 0, 0, 0, 0, 0
  @ LINE_EP, 0 : RAMX+OBV3, RAMY+OBV3, 0, 0, 0, 0, 0, 0, 0
  @ LINE_EP, 0 : RAMX+OBV3+30, RAMY+OBV3, 0, 0, 0, 0, 0, 0, 0
  @ LINE_EP, 0 : RAMX+OBV3+60, RAMY+OBV3, 0, -1, 0, 0, 0, 0, 0
  @ ENDPATH, 0 :

@ ROUT, 0 : "150", 0, "1", 0, 0, "", 1, 18, -1, 0, 0, 0, 0, 0, 0, 0, 0, 0, 0, 0, 0, 0, 0, 0, 0, 0, 0, 0, 1, 0, 0, 0, 0, 1, 0, 0, 0, 0, 0, 1, 0, -1, 0, 5000, 18000, 0, 8000, "150", 103, 1, 0, 0, 90, 0, 0, 0, 0, 0, 0, 90, 0, 0, 0, 0, 0, 0, 0, 0, 0, 0, "", 0, 0, 0, 0, 0, 0, 0, 0, 0, "", 5, 0, 20, 80, 60, 0, "", "", "ROUT", 0, 1, 1, 0, 0, 0, 0, 0, 0, 0, 0, 0, 0, 0, 0, 0, 0, 2000, 0, 0.1, 0, 0, 0, 1, 110
  @ START_POINT, 0 : RAMX+OBV5+20, RAMY+OBV5, 0
  @ LINE_EP, 0 : lpx-RAMX-OBV5, RAMY+OBV5, 3.1, 0, 0, 0, 0, 0, 0
  @ ARC_EPRA, 0 : lpx-RAMX-OBV5, lpy-RAMY-OBV5, rRr1, 1, 0, 0, 0, 0, 0, 0
  @ ARC_EPRA, 0 : lpx-RAMX-OBV5, RAMY+OBV5, rRr2, 2, 0, 0, 0, 0, 0, 0
  @ ARC_EPRA, 0 : lpx-RAMX-OBV5, lpy-RAMY-OBV5, rRr3, 1, 0, 0, 0, 0, 0, 0
  @ ARC_EPRA, 0 : lpx-RAMX-OBV5, RAMY+OBV5, rRr4, 2, 0, 0, 0, 0, 0, 0
  @ LINE_EP, 0 : lpx-RAMX-OBV5, lpy-RAMY-OBV5, 0, 0, 0, 0, 0, 0, 0
  @ LINE_EP, 0 : RAMX+OBV5, lpy-RAMY-OBV5, 0, 0, 0, 0, 0, 0, 0
  @ ARC_EPRA, 0 : RAMX+OBV5, RAMY+OBV5, rRr1, 0, 0, 0, 0, 0, 0, 1
  @ ARC_EPRA, 0 : RAMX+OBV5, lpy-RAMY-OBV5, rRr2, 2, 0, 0, 0, 0, 0, 1
  @ ARC_EPRA, 0 : RAMX+OBV5, RAMY+OBV5, rRr3, 0, 0, 0, 0, 0, 0, 1
  @ ARC_EPRA, 0 : RAMX+OBV5, lpy-RAMY-OBV5, rRr4, 2, 0, 0, 0, 0, 0, 1
  @ LINE_EP, 0 : RAMX+OBV5, RAMY+OBV5, 0, 0, 0, 0, 0, 0, 0
  @ LINE_EP, 0 : RAMX+OBV5+30, RAMY+OBV5, 0, 0, 0, 0, 0, 0, 0
  @ LINE_EP, 0 : RAMX+OBV5+60, RAMY+OBV5, 0, -1, 0, 0, 0, 0, 0
  @ ENDPATH, 0 :  

' kray18  
  
@ ROUT, 0 : "144", 0, "1", 0, 0, "", 1, 18, -1, 0, 0, 0, 0, 0, 0, 0, 0, 0, 0, 0, 0, 0, 0, 0, 0, 0, 0, 0, 1, 0, 0, 0, 0, 1, 0, 0, 0, 0, 0, 1, 0, -1, 0, 5000, 18000, 0, 8000, "144", 103, 1, 0, 0, 90, 0, 0, 0, 0, 0, 0, 90, 0, 0, 0, 0, 0, 0, 0, 0, 0, 0, "", 0, 0, 0, 0, 0, 0, 0, 0, 0, "", 5, 0, 20, 80, 60, 0, "", "", "ROUT", 0, 1, 1, 0, 0, 0, 0, 0, 0, 0, 0, 0, 0, 0, 0, 0, 0, 2000, 0, 0.1, 0, 0, 0, 1, 110
  @ START_POINT, 0 : RAMX+OBV4+20, RAMY+OBV4, 0
  @ LINE_EP, 0 : lpx-RAMX-OBV4, RAMY+OBV4, T_9, 0, 0, 0, 0, 0, 0
  @ LINE_EP, 0 : lpx-RAMX-OBV4+10, RAMY+OBV4-10, 0, -10, 0, 0, 0, 0, 0
  @ LINE_EP, 0 : lpx-RAMX-OBV4, RAMY+OBV4, 0, 10, 0, 0, 0, 0, 0
  @ LINE_EP, 0 : lpx-RAMX-OBV4, lpy-RAMY-OBV4, 0, 0, 0, 0, 0, 0, 0
  @ LINE_EP, 0 : lpx-RAMX-OBV4+10, lpy-RAMY-OBV4+10, 0, -10, 0, 0, 0, 0, 0
  @ LINE_EP, 0 : lpx-RAMX-OBV4, lpy-RAMY-OBV4, 0, 10, 0, 0, 0, 0, 0
  @ LINE_EP, 0 : RAMX+OBV4, lpy-RAMY-OBV4, 0, 0, 0, 0, 0, 0, 0
  @ LINE_EP, 0 : RAMX+OBV4-10, lpy-RAMY-OBV4+10, 0, -10, 0, 0, 0, 0, 0
  @ LINE_EP, 0 : RAMX+OBV4, lpy-RAMY-OBV4, 0, 10, 0, 0, 0, 0, 0
  @ LINE_EP, 0 : RAMX+OBV4, RAMY+OBV4, 0, 0, 0, 0, 0, 0, 0
  @ LINE_EP, 0 : RAMX+OBV4-10, RAMY+OBV4-10, 0, -10, 0, 0, 0, 0, 0
  @ LINE_EP, 0 : RAMX+OBV4, RAMY+OBV4, 0, 10, 0, 0, 0, 0, 0
  @ LINE_EP, 0 : RAMX+OBV4+30, RAMY+OBV4, 0, 0, 0, 0, 0, 0, 0
  @ LINE_EP, 0 : RAMX+OBV4+60, RAMY+OBV4, 0, -1, 0, 0, 0, 0, 0
  @ ENDPATH, 0 :  
  
@ ROUT, 0 : "144", 0, "1", 0, 3.1, "", 1, 18, -1, 0, 0, 0, 0, 0, 0, 0, 0, 0, 0, 0, 0, 0, 0, 0, 0, 0, 0, 0, 1, 0, 0, 0, 0, 1, 0, 0, 0, 0, 0, 1, 0, -1, 0, 5000, 18000, 0, 8000, "144", 103, 1, 0, 0, 90, 0, 0, 0, 0, 0, 0, 90, 0, 0, 0, 0, 0, 0, 0, 0, 0, 0, "", 0, 0, 0, 0, 0, 0, 0, 0, 0, "", 5, 0, 20, 80, 60, 0, "", "", "ROUT", 0, 1, 1, 0, 0, 0, 0, 0, 0, 0, 0, 0, 0, 0, 0, 0, 0, 2000, 0, 0.1, 0, 0, 0, 1, 110
  @ START_POINT, 0 : 110.415, 106.849, 0
  @ LINE_EP, 0 : 107.856, 104.13, 0, 1.5, 0, 0, 0, 0, 0
  @ LINE_EP, 0 : 101.452, 97.325, 0, -1.5, 0, 0, 0, 0, 0
  @ LINE_EP, 0 : 101.452, 97.325, 0, -5, 0, 0, 0, 0, 0
  @ LINE_EP, 0 : 108.763, 99.347, 0, 0, 0, 0, 0, 0, 0
  @ LINE_EP, 0 : 108.763, 99.347, 0, 5, 0, 0, 0, 0, 0
  @ ARC_EPRA, 0 : 111.822, 103.868, 2.781, 1, 0, 1, 0, 0, 0, 0
  @ ARC_EPRA, 0 : 107.856, 104.131, 2.781, 1, 0, 0.5, 0, 0, 0, 1
  @ ARC_EPRA, 0 : 107.353, 108.073, 2.781, 1, 0, -0.5, 0, 0, 0, 1
  @ ARC_EPRA, 0 : 103.026, 104.744, 2.781, 1, 0, -1, 0, 0, 0, 1 
  @ ENDPATH, 0 : 
  
@ ROUT, 0 : "144", 0, "1", 0, 3.1, "", 1, 18, -1, 0, 0, 0, 0, 0, 0, 0, 0, 0, 0, 0, 0, 0, 0, 0, 0, 0, 0, 0, 1, 0, 0, 0, 0, 1, 0, 0, 0, 0, 0, 1, 0, -1, 0, 5000, 18000, 0, 8000, "144", 103, 1, 0, 0, 90, 0, 0, 0, 0, 0, 0, 90, 0, 0, 0, 0, 0, 0, 0, 0, 0, 0, "", 0, 0, 0, 0, 0, 0, 0, 0, 0, "", 5, 0, 20, 80, 60, 0, "", "", "ROUT", 0, 1, 1, 0, 0, 0, 0, 0, 0, 0, 0, 0, 0, 0, 0, 0, 0, 2000, 0, 0.1, 0, 0, 0, 1, 110
  @ START_POINT, 0 : lpx-110.415, 106.849, 0
  @ LINE_EP, 0 : lpx-107.856, 104.13, 0, 1.5, 0, 0, 0, 0, 0
  @ LINE_EP, 0 : lpx-101.452, 97.325, 0, -1.5, 0, 0, 0, 0, 0
  @ LINE_EP, 0 : lpx-101.452, 97.325, 0, -5, 0, 0, 0, 0, 0
  @ LINE_EP, 0 : lpx-108.763, 99.347, 0, 0, 0, 0, 0, 0, 0
  @ LINE_EP, 0 : lpx-108.763, 99.347, 0, 5, 0, 0, 0, 0, 0
  @ ARC_EPRA, 0 : lpx-111.822, 103.868, 2.781, 2, 0, 1, 0, 0, 0, 0
  @ ARC_EPRA, 0 : lpx-107.856, 104.131, 2.781, 2, 0, 0.5, 0, 0, 0, 1
  @ ARC_EPRA, 0 : lpx-107.353, 108.073, 2.781, 2, 0, -0.5, 0, 0, 0, 1
  @ ARC_EPRA, 0 : lpx-103.026, 104.744, 2.781, 2, 0, -1, 0, 0, 0, 1 
  @ ENDPATH, 0 : 
  
@ ROUT, 0 : "144", 0, "1", 0, 3.1, "", 1, 18, -1, 0, 0, 0, 0, 0, 0, 0, 0, 0, 0, 0, 0, 0, 0, 0, 0, 0, 0, 0, 1, 0, 0, 0, 0, 1, 0, 0, 0, 0, 0, 1, 0, -1, 0, 5000, 18000, 0, 8000, "144", 103, 1, 0, 0, 90, 0, 0, 0, 0, 0, 0, 90, 0, 0, 0, 0, 0, 0, 0, 0, 0, 0, "", 0, 0, 0, 0, 0, 0, 0, 0, 0, "", 5, 0, 20, 80, 60, 0, "", "", "ROUT", 0, 1, 1, 0, 0, 0, 0, 0, 0, 0, 0, 0, 0, 0, 0, 0, 0, 2000, 0, 0.1, 0, 0, 0, 1, 110
  @ START_POINT, 0 : lpx-110.415, lpy-106.849, 0
  @ LINE_EP, 0 : lpx-107.856, lpy-104.13, 0, 1.5, 0, 0, 0, 0, 0
  @ LINE_EP, 0 : lpx-101.452, lpy-97.325, 0, -1.5, 0, 0, 0, 0, 0
  @ LINE_EP, 0 : lpx-101.452, lpy-97.325, 0, -5, 0, 0, 0, 0, 0
  @ LINE_EP, 0 : lpx-108.763, lpy-99.347, 0, 0, 0, 0, 0, 0, 0
  @ LINE_EP, 0 : lpx-108.763, lpy-99.347, 0, 5, 0, 0, 0, 0, 0
  @ ARC_EPRA, 0 : lpx-111.822, lpy-103.868, 2.781, 1, 0, 1, 0, 0, 0, 1
  @ ARC_EPRA, 0 : lpx-107.856, lpy-104.131, 2.781, 1, 0, 0.5, 0, 0, 0, 0
  @ ARC_EPRA, 0 : lpx-107.353, lpy-108.073, 2.781, 1, 0, -0.5, 0, 0, 0, 0
  @ ARC_EPRA, 0 : lpx-103.026, lpy-104.744, 2.781, 1, 0, -1, 0, 0, 0, 0 
  @ ENDPATH, 0 : 
 
@ ROUT, 0 : "144", 0, "1", 0, 3.1, "", 1, 18, -1, 0, 0, 0, 0, 0, 0, 0, 0, 0, 0, 0, 0, 0, 0, 0, 0, 0, 0, 0, 1, 0, 0, 0, 0, 1, 0, 0, 0, 0, 0, 1, 0, -1, 0, 5000, 18000, 0, 8000, "144", 103, 1, 0, 0, 90, 0, 0, 0, 0, 0, 0, 90, 0, 0, 0, 0, 0, 0, 0, 0, 0, 0, "", 0, 0, 0, 0, 0, 0, 0, 0, 0, "", 5, 0, 20, 80, 60, 0, "", "", "ROUT", 0, 1, 1, 0, 0, 0, 0, 0, 0, 0, 0, 0, 0, 0, 0, 0, 0, 2000, 0, 0.1, 0, 0, 0, 1, 110
  @ START_POINT, 0 : 110.415, lpy-106.849, 0
  @ LINE_EP, 0 : 107.856, lpy-104.13, 0, 1.5, 0, 0, 0, 0, 0
  @ LINE_EP, 0 : 101.452, lpy-97.325, 0, -1.5, 0, 0, 0, 0, 0
  @ LINE_EP, 0 : 101.452, lpy-97.325, 0, -5, 0, 0, 0, 0, 0
  @ LINE_EP, 0 : 108.763, lpy-99.347, 0, 0, 0, 0, 0, 0, 0
  @ LINE_EP, 0 : 108.763, lpy-99.347, 0, 5, 0, 0, 0, 0, 0
  @ ARC_EPRA, 0 : 111.822, lpy-103.868, 2.781, 2, 0, 1, 0, 0, 0, 1
  @ ARC_EPRA, 0 : 107.856, lpy-104.131, 2.781, 2, 0, 0.5, 0, 0, 0, 0
  @ ARC_EPRA, 0 : 107.353, lpy-108.073, 2.781, 2, 0, -0.5, 0, 0, 0, 0
  @ ARC_EPRA, 0 : 103.026, lpy-104.744, 2.781, 2, 0, -1, 0, 0, 0, 0 
  @ ENDPATH, 0 : 