@ ROUT, 0 : "157", 0, "1", 0, 0, "", 1, 18, -1, 0, 0, 0, 0, 0, 0, 0, 0, 0, 0, 0, 0, 0, 0, 0, 0, 0, 0, 0, 1, 0, 0, 0, 0, 1, 0, 0, 0, 0, 0, 1, 0, -1, 0, 5000, 18000, 0, 8000, "157", 103, 1, 0, 0, 90, 0, 0, 0, 0, 0, 0, 90, 0, 0, 0, 0, 0, 0, 0, 0, 0, 0, "", 0, 0, 0, 0, 0, 0, 0, 0, 0, "", 5, 0, 20, 80, 60, 0, "", "", "ROUT", 0, 1, 1, 0, 0, 0, 0, 0, 0, 0, 0, 0, 0, 0, 0, 0, 0, 2000, 0, 0.1, 0, 0, 0, 1, 110
  @ START_POINT, 0 : RAMX+OBV0+10, RAMY+OBV0, 0
  @ LINE_EP, 0 : RAMX+OBV0+60, RAMY+OBV0, 0, T_9, 0, 0, 0, 0, 0
  @ LINE_EP, 0 : lpx-RAMX-OBV0, RAMY+OBV0, 0, 0, 0, 0, 0, 0, 0
  @ LINE_EP, 0 : lpx-RAMX-OBV0, lpy-RAMY-OBV0, 0, 0, 0, 0, 0, 0, 0
  @ LINE_EP, 0 : RAMX+OBV0, lpy-RAMY-OBV0, 0, 0, 0, 0, 0, 0, 0
  @ LINE_EP, 0 : RAMX+OBV0, RAMY+OBV0, 0, 0, 0, 0, 0, 0, 0
  @ LINE_EP, 0 : RAMX+OBV0+70, RAMY+OBV0, 0, 0, 0, 0, 0, 0, 0
  @ LINE_EP, 0 : RAMX+OBV0+90, RAMY+OBV0, 0, -1, 0, 0, 0, 0, 0
  @ ENDPATH, 0 :
  
@ ROUT, 0 : "157", 0, "1", 0, 0, "", 1, 18, -1, 0, 0, 0, 0, 0, 0, 0, 0, 0, 0, 0, 0, 0, 0, 0, 0, 0, 0, 0, 1, 0, 0, 0, 0, 1, 0, 0, 0, 0, 0, 1, 0, -1, 0, 5000, 18000, 0, 8000, "157", 103, 1, 0, 0, 90, 0, 0, 0, 0, 0, 0, 90, 0, 0, 0, 0, 0, 0, 0, 0, 0, 0, "", 0, 0, 0, 0, 0, 0, 0, 0, 0, "", 5, 0, 20, 80, 60, 0, "", "", "ROUT", 0, 1, 1, 0, 0, 0, 0, 0, 0, 0, 0, 0, 0, 0, 0, 0, 0, 2000, 0, 0.1, 0, 0, 0, 1, 110
  @ START_POINT, 0 : RAMX+47, RAMY+47+10, 0
  @ LINE_EP, 0 : RAMX+47, RAMY+47+30, 0, 3.1, 0, 0, 0, 0, 0
  @ LINE_EP, 0 : RAMX+47, lpy-h3-10, 0, 0, 0, 0, 0, 0, 0
  @ ARC_EPRA, 0 : RAMX+47+12, lpy-h3-10+12, 15, 1, 0, 0, 0, 0, 0, 0
  @ ARC_EPRA, 0 : RAMX+47, lpy-h3-10, 15, 2, 0, 0, 0, 0, 0, 0
  @ LINE_EP, 0 : RAMX+47, lpy-h3-20, 0, 0, 0, 0, 0, 0, 0
  @ ARC_EPRA, 0 : RAMX+47+20, lpy-h4, 25, 1, 0, 0, 0, 0, 0, 0
  @ ARC_EPRA, 0 : lpx-RAMX-67, lpy-h4, rRr3-14, 2, 0, 0, 0, 0, 0, 1
  @ ARC_EPRA, 0 : lpx-RAMX-47, lpy-h3-20, 25, 1, 0, 0, 0, 0, 0, 0
  @ LINE_EP, 0 : lpx-RAMX-47, lpy-h3-10, 0, 0, 0, 0, 0, 0, 0
  @ ARC_EPRA, 0 : lpx-RAMX-47-12, lpy-h3-10+12, 15, 2, 0, 0, 0, 0, 0, 0
  @ ARC_EPRA, 0 : lpx-RAMX-47, lpy-h3-10, 15, 1, 0, 0, 0, 0, 0, 0
  @ LINE_EP, 0 : lpx-RAMX-47, h3+10, 0, 0, 0, 0, 0, 0, 0
  @ ARC_EPRA, 0 : lpx-RAMX-47-12, h3+10-12, 15, 1, 0, 0, 0, 0, 0, 1
  @ ARC_EPRA, 0 : lpx-RAMX-47, h3+10, 15, 2, 0, 0, 0, 0, 0, 1
  @ LINE_EP, 0 : lpx-RAMX-47, h3+20, 0, 0, 0, 0, 0, 0, 0
  @ ARC_EPRA, 0 : lpx-RAMX-67, h4, 25, 1, 0, 0, 0, 0, 0, 1
  @ ARC_EPRA, 0 : RAMX+67, h4, rRr3-14, 2, 0, 0, 0, 0, 0, 0
  @ ARC_EPRA, 0 : RAMX+47, h3+20, 25, 1, 0, 0, 0, 0, 0, 1
  @ LINE_EP, 0 : RAMX+47, h3+10, 0, 0, 0, 0, 0, 0, 0
  @ ARC_EPRA, 0 : RAMX+47+12, h3+10-12, 15, 2, 0, 0, 0, 0, 0, 1
  @ ARC_EPRA, 0 : RAMX+47, h3+10, 15, 1, 0, 0, 0, 0, 0, 1
  @ LINE_EP, 0 : RAMX+47, RAMY+47+35, 0, 0, 0, 0, 0, 0, 0
  @ LINE_EP, 0 : RAMX+47, RAMY+47+50, 0, -1, 0, 0, 0, 0, 0
  
  @ ENDPATH, 0 :
  
@ ROUT, 0 : "156", 0, "1", 0, 0, "", 1, 18, -1, 0, 0, 0, 0, 0, 0, 0, 0, 0, 0, 0, 0, 0, 0, 0, 0, 0, 0, 0, 1, 0, 0, 0, 0, 1, 0, 0, 0, 0, 0, 1, 0, -1, 0, 5000, 18000, 0, 8000, "156", 103, 1, 0, 0, 90, 0, 0, 0, 0, 0, 0, 90, 0, 0, 0, 0, 0, 0, 0, 0, 0, 0, "", 0, 0, 0, 0, 0, 0, 0, 0, 0, "", 5, 0, 20, 80, 60, 0, "", "", "ROUT", 0, 1, 1, 0, 0, 0, 0, 0, 0, 0, 0, 0, 0, 0, 0, 0, 0, 2000, 0, 0.1, 0, 0, 0, 1, 110
  @ START_POINT, 0 : RAMX+OBV1, RAMY+OBV1+10, 0
  @ LINE_EP, 0 : RAMX+OBV1, RAMY+OBV1+50, 0, T_9, 0, 0, 0, 0, 0
  @ LINE_EP, 0 : RAMX+OBV1, lpy-RAMY-OBV1-6, 0, 0, 0, 0, 0, 0, 0
  @ ARC_EPRA, 0 : lpx-RAMX-OBV1, lpy-RAMY-OBV1-6, rRr6, 2, 0, 0, 0, 0, 0, 1
  @ LINE_EP, 0 : lpx-RAMX-OBV1, RAMY+OBV1+6, 0, 0, 0, 0, 0, 0, 0
  @ ARC_EPRA, 0 : RAMX+OBV1, RAMY+OBV1+6, rRr6, 2, 0, 0, 0, 0, 0, 0
  @ LINE_EP, 0 : RAMX+OBV1, RAMY+OBV1+55, 0, 0, 0, 0, 0, 0, 0
  @ LINE_EP, 0 : RAMX+OBV1, RAMY+OBV1+70, 0, -1, 0, 0, 0, 0, 0
  @ ENDPATH, 0 :

@ ROUT, 0 : "150", 0, "1", 0, 0, "", 1, 18, -1, 0, 0, 0, 0, 0, 0, 0, 0, 0, 0, 0, 0, 0, 0, 0, 0, 0, 0, 0, 1, 0, 0, 0, 0, 1, 0, 0, 0, 0, 0, 1, 0, -1, 0, 5000, 18000, 0, 8000, "150", 103, 1, 0, 0, 90, 0, 0, 0, 0, 0, 0, 90, 0, 0, 0, 0, 0, 0, 0, 0, 0, 0, "", 0, 0, 0, 0, 0, 0, 0, 0, 0, "", 5, 0, 20, 80, 60, 0, "", "", "ROUT", 0, 1, 1, 0, 0, 0, 0, 0, 0, 0, 0, 0, 0, 0, 0, 0, 0, 2000, 0, 0.1, 0, 0, 0, 1, 110
  @ START_POINT, 0 : RAMX+OBV3+20, RAMY+OBV3, 0
  @ LINE_EP, 0 : lpx-RAMX-OBV3, RAMY+OBV3, T_9, 0, 0, 0, 0, 0, 0
  @ LINE_EP, 0 : lpx-RAMX-OBV3, lpy-RAMY-OBV3, 0, 0, 0, 0, 0, 0, 0
  @ LINE_EP, 0 : RAMX+OBV3, lpy-RAMY-OBV3, 0, 0, 0, 0, 0, 0, 0
  @ LINE_EP, 0 : RAMX+OBV3, RAMY+OBV3, 0, 0, 0, 0, 0, 0, 0
  @ LINE_EP, 0 : RAMX+OBV3+30, RAMY+OBV3, 0, 0, 0, 0, 0, 0, 0
  @ LINE_EP, 0 : RAMX+OBV3+60, RAMY+OBV3, 0, -1, 0, 0, 0, 0, 0
  @ ENDPATH, 0 :

@ ROUT, 0 : "150", 0, "1", 0, 0, "", 1, 18, -1, 0, 0, 0, 0, 0, 0, 0, 0, 0, 0, 0, 0, 0, 0, 0, 0, 0, 0, 0, 1, 0, 0, 0, 0, 1, 0, 0, 0, 0, 0, 1, 0, -1, 0, 5000, 18000, 0, 8000, "150", 103, 1, 0, 0, 90, 0, 0, 0, 0, 0, 0, 90, 0, 0, 0, 0, 0, 0, 0, 0, 0, 0, "", 0, 0, 0, 0, 0, 0, 0, 0, 0, "", 5, 0, 20, 80, 60, 0, "", "", "ROUT", 0, 1, 1, 0, 0, 0, 0, 0, 0, 0, 0, 0, 0, 0, 0, 0, 0, 2000, 0, 0.1, 0, 0, 0, 1, 110
  @ START_POINT, 0 : RAMX+OBV5, lpy/2+5, 0
  @ LINE_EP, 0 : RAMX+OBV5, RAMY+OBV5, 3.1, 0, 0, 0, 0, 0, 0
  @ ARC_EPRA, 0 : lpx-RAMX-OBV5, RAMY+OBV5, rRr1, 1, 0, 0, 0, 0, 0, 0
  @ ARC_EPRA, 0 : RAMX+OBV5, RAMY+OBV5, rRr2, 2, 0, 0, 0, 0, 0, 0
  @ ARC_EPRA, 0 : lpx-RAMX-OBV5, RAMY+OBV5, rRr3, 1, 0, 0, 0, 0, 0, 0
  @ ARC_EPRA, 0 : RAMX+OBV5, RAMY+OBV5, rRr4, 2, 0, 0, 0, 0, 0, 0
  @ LINE_EP, 0 : lpx-RAMX-OBV5, RAMY+OBV5, 0, 0, 0, 0, 0, 0, 0
  @ LINE_EP, 0 : lpx-RAMX-OBV5, lpy-RAMY-OBV5, 0, 0, 0, 0, 0, 0, 0
  @ ARC_EPRA, 0 : RAMX+OBV5, lpy-RAMY-OBV5, rRr1, 0, 0, 0, 0, 0, 0, 1
  @ ARC_EPRA, 0 : lpx-RAMX-OBV5, lpy-RAMY-OBV5, rRr2, 2, 0, 0, 0, 0, 0, 1
  @ ARC_EPRA, 0 : RAMX+OBV5, lpy-RAMY-OBV5, rRr3, 0, 0, 0, 0, 0, 0, 1
  @ ARC_EPRA, 0 : lpx-RAMX-OBV5, lpy-RAMY-OBV5, rRr4, 2, 0, 0, 0, 0, 0, 1
  @ LINE_EP, 0 : RAMX+OBV5, lpy-RAMY-OBV5, 0, 0, 0, 0, 0, 0, 0
  @ LINE_EP, 0 : RAMX+OBV5, lpy/2, 0, 0, 0, 0, 0, 0, 0
  @ LINE_EP, 0 : RAMX+OBV5, lpy/2-5, 0, -1, 0, 0, 0, 0, 0
  @ ENDPATH, 0 :  

' kray18  
  
@ ROUT, 0 : "144", 0, "1", 0, 0, "", 1, 18, -1, 0, 0, 0, 0, 0, 0, 0, 0, 0, 0, 0, 0, 0, 0, 0, 0, 0, 0, 0, 1, 0, 0, 0, 0, 1, 0, 0, 0, 0, 0, 1, 0, -1, 0, 5000, 18000, 0, 8000, "144", 103, 1, 0, 0, 90, 0, 0, 0, 0, 0, 0, 90, 0, 0, 0, 0, 0, 0, 0, 0, 0, 0, "", 0, 0, 0, 0, 0, 0, 0, 0, 0, "", 5, 0, 20, 80, 60, 0, "", "", "ROUT", 0, 1, 1, 0, 0, 0, 0, 0, 0, 0, 0, 0, 0, 0, 0, 0, 0, 2000, 0, 0.1, 0, 0, 0, 1, 110
  @ START_POINT, 0 : RAMX+OBV4+20, RAMY+OBV4, 0
  @ LINE_EP, 0 : lpx-RAMX-OBV4, RAMY+OBV4, T_9, 0, 0, 0, 0, 0, 0
  @ LINE_EP, 0 : lpx-RAMX-OBV4+10, RAMY+OBV4-10, 0, -10, 0, 0, 0, 0, 0
  @ LINE_EP, 0 : lpx-RAMX-OBV4, RAMY+OBV4, 0, 10, 0, 0, 0, 0, 0
  @ LINE_EP, 0 : lpx-RAMX-OBV4, lpy-RAMY-OBV4, 0, 0, 0, 0, 0, 0, 0
  @ LINE_EP, 0 : lpx-RAMX-OBV4+10, lpy-RAMY-OBV4+10, 0, -10, 0, 0, 0, 0, 0
  @ LINE_EP, 0 : lpx-RAMX-OBV4, lpy-RAMY-OBV4, 0, 10, 0, 0, 0, 0, 0
  @ LINE_EP, 0 : RAMX+OBV4, lpy-RAMY-OBV4, 0, 0, 0, 0, 0, 0, 0
  @ LINE_EP, 0 : RAMX+OBV4-10, lpy-RAMY-OBV4+10, 0, -10, 0, 0, 0, 0, 0
  @ LINE_EP, 0 : RAMX+OBV4, lpy-RAMY-OBV4, 0, 10, 0, 0, 0, 0, 0
  @ LINE_EP, 0 : RAMX+OBV4, RAMY+OBV4, 0, 0, 0, 0, 0, 0, 0
  @ LINE_EP, 0 : RAMX+OBV4-10, RAMY+OBV4-10, 0, -10, 0, 0, 0, 0, 0
  @ LINE_EP, 0 : RAMX+OBV4, RAMY+OBV4, 0, 10, 0, 0, 0, 0, 0
  @ LINE_EP, 0 : RAMX+OBV4+30, RAMY+OBV4, 0, 0, 0, 0, 0, 0, 0
  @ LINE_EP, 0 : RAMX+OBV4+60, RAMY+OBV4, 0, -1, 0, 0, 0, 0, 0
  @ ENDPATH, 0 :  

@ ROUT, 0 : "144", 0, "1", 0, 3.1, "", 1, 18, -1, 0, 0, 0, 0, 0, 0, 0, 0, 0, 0, 0, 0, 0, 0, 0, 0, 0, 0, 0, 1, 0, 0, 0, 0, 1, 0, 0, 0, 0, 0, 1, 0, -1, 0, 5000, 18000, 0, 8000, "144", 103, 1, 0, 0, 90, 0, 0, 0, 0, 0, 0, 90, 0, 0, 0, 0, 0, 0, 0, 0, 0, 0, "", 0, 0, 0, 0, 0, 0, 0, 0, 0, "", 5, 0, 20, 80, 60, 0, "", "", "ROUT", 0, 1, 1, 0, 0, 0, 0, 0, 0, 0, 0, 0, 0, 0, 0, 0, 0, 2000, 0, 0.1, 0, 0, 0, 1, 110
  @ START_POINT, 0 : 106.849, 110.415, 0
  @ LINE_EP, 0 : 104.13, 107.856, 0, 1.5, 0, 0, 0, 0, 0
  @ LINE_EP, 0 : 97.325, 101.452, 0, -1.5, 0, 0, 0, 0, 0
  @ LINE_EP, 0 : 97.325, 101.452, 0, -5, 0, 0, 0, 0, 0
  @ LINE_EP, 0 : 99.347, 108.763, 0, 0, 0, 0, 0, 0, 0
  @ LINE_EP, 0 : 99.347, 108.763, 0, 5, 0, 0, 0, 0, 0
  @ ARC_EPRA, 0 : 103.868, 111.822, 2.781, 2, 0, 1, 0, 0, 0, 1
  @ ARC_EPRA, 0 : 104.131, 107.856, 2.781, 2, 0, 0.5, 0, 0, 0, 1
  @ ARC_EPRA, 0 : 108.073, 107.353, 2.781, 2, 0, -0.5, 0, 0, 0, 1
  @ ARC_EPRA, 0 : 104.744, 103.026, 2.781, 2, 0, -1, 0, 0, 0, 0 
  @ ENDPATH, 0 : 
  
@ ROUT, 0 : "144", 0, "1", 0, 3.1, "", 1, 18, -1, 0, 0, 0, 0, 0, 0, 0, 0, 0, 0, 0, 0, 0, 0, 0, 0, 0, 0, 0, 1, 0, 0, 0, 0, 1, 0, 0, 0, 0, 0, 1, 0, -1, 0, 5000, 18000, 0, 8000, "144", 103, 1, 0, 0, 90, 0, 0, 0, 0, 0, 0, 90, 0, 0, 0, 0, 0, 0, 0, 0, 0, 0, "", 0, 0, 0, 0, 0, 0, 0, 0, 0, "", 5, 0, 20, 80, 60, 0, "", "", "ROUT", 0, 1, 1, 0, 0, 0, 0, 0, 0, 0, 0, 0, 0, 0, 0, 0, 0, 2000, 0, 0.1, 0, 0, 0, 1, 110
  @ START_POINT, 0 : 106.849, lpy-110.415, 0
  @ LINE_EP, 0 : 104.13, lpy-107.856, 0, 1.5, 0, 0, 0, 0, 0
  @ LINE_EP, 0 : 97.325, lpy-101.452, 0, -1.5, 0, 0, 0, 0, 0
  @ LINE_EP, 0 : 97.325, lpy-101.452, 0, -5, 0, 0, 0, 0, 0
  @ LINE_EP, 0 : 99.347, lpy-108.763, 0, 0, 0, 0, 0, 0, 0
  @ LINE_EP, 0 : 99.347, lpy-108.763, 0, 5, 0, 0, 0, 0, 0
  @ ARC_EPRA, 0 : 103.868, lpy-111.822, 2.781, 1, 0, 1, 0, 0, 0, 0
  @ ARC_EPRA, 0 : 104.131, lpy-107.856, 2.781, 1, 0, 0.5, 0, 0, 0, 0
  @ ARC_EPRA, 0 : 108.073, lpy-107.353, 2.781, 1, 0, -0.5, 0, 0, 0, 0
  @ ARC_EPRA, 0 : 104.744, lpy-103.026, 2.781, 1, 0, -1, 0, 0, 0, 1 
  @ ENDPATH, 0 :   

@ ROUT, 0 : "144", 0, "1", 0, 3.1, "", 1, 18, -1, 0, 0, 0, 0, 0, 0, 0, 0, 0, 0, 0, 0, 0, 0, 0, 0, 0, 0, 0, 1, 0, 0, 0, 0, 1, 0, 0, 0, 0, 0, 1, 0, -1, 0, 5000, 18000, 0, 8000, "144", 103, 1, 0, 0, 90, 0, 0, 0, 0, 0, 0, 90, 0, 0, 0, 0, 0, 0, 0, 0, 0, 0, "", 0, 0, 0, 0, 0, 0, 0, 0, 0, "", 5, 0, 20, 80, 60, 0, "", "", "ROUT", 0, 1, 1, 0, 0, 0, 0, 0, 0, 0, 0, 0, 0, 0, 0, 0, 0, 2000, 0, 0.1, 0, 0, 0, 1, 110
  @ START_POINT, 0 : lpx-106.849, 110.415, 0
  @ LINE_EP, 0 : lpx-104.13, 107.856, 0, 1.5, 0, 0, 0, 0, 0
  @ LINE_EP, 0 : lpx-97.325, 101.452, 0, -1.5, 0, 0, 0, 0, 0
  @ LINE_EP, 0 : lpx-97.325, 101.452, 0, -5, 0, 0, 0, 0, 0
  @ LINE_EP, 0 : lpx-99.347, 108.763, 0, 0, 0, 0, 0, 0, 0
  @ LINE_EP, 0 : lpx-99.347, 108.763, 0, 5, 0, 0, 0, 0, 0
  @ ARC_EPRA, 0 : lpx-103.868, 111.822, 2.781, 1, 0, 1, 0, 0, 0, 1
  @ ARC_EPRA, 0 : lpx-104.131, 107.856, 2.781, 1, 0, 0.5, 0, 0, 0, 1
  @ ARC_EPRA, 0 : lpx-108.073, 107.353, 2.781, 1, 0, -0.5, 0, 0, 0, 1
  @ ARC_EPRA, 0 : lpx-104.744, 103.026, 2.781, 1, 0, -1, 0, 0, 0, 0 
  @ ENDPATH, 0 : 
  
@ ROUT, 0 : "144", 0, "1", 0, 3.1, "", 1, 18, -1, 0, 0, 0, 0, 0, 0, 0, 0, 0, 0, 0, 0, 0, 0, 0, 0, 0, 0, 0, 1, 0, 0, 0, 0, 1, 0, 0, 0, 0, 0, 1, 0, -1, 0, 5000, 18000, 0, 8000, "144", 103, 1, 0, 0, 90, 0, 0, 0, 0, 0, 0, 90, 0, 0, 0, 0, 0, 0, 0, 0, 0, 0, "", 0, 0, 0, 0, 0, 0, 0, 0, 0, "", 5, 0, 20, 80, 60, 0, "", "", "ROUT", 0, 1, 1, 0, 0, 0, 0, 0, 0, 0, 0, 0, 0, 0, 0, 0, 0, 2000, 0, 0.1, 0, 0, 0, 1, 110
  @ START_POINT, 0 : lpx-106.849, lpy-110.415, 0
  @ LINE_EP, 0 : lpx-104.13, lpy-107.856, 0, 1.5, 0, 0, 0, 0, 0
  @ LINE_EP, 0 : lpx-97.325, lpy-101.452, 0, -1.5, 0, 0, 0, 0, 0
  @ LINE_EP, 0 : lpx-97.325, lpy-101.452, 0, -5, 0, 0, 0, 0, 0
  @ LINE_EP, 0 : lpx-99.347, lpy-108.763, 0, 0, 0, 0, 0, 0, 0
  @ LINE_EP, 0 : lpx-99.347, lpy-108.763, 0, 5, 0, 0, 0, 0, 0
  @ ARC_EPRA, 0 : lpx-103.868, lpy-111.822, 2.781, 2, 0, 1, 0, 0, 0, 0
  @ ARC_EPRA, 0 : lpx-104.131, lpy-107.856, 2.781, 2, 0, 0.5, 0, 0, 0, 0
  @ ARC_EPRA, 0 : lpx-108.073, lpy-107.353, 2.781, 2, 0, -0.5, 0, 0, 0, 0
  @ ARC_EPRA, 0 : lpx-104.744, lpy-103.026, 2.781, 2, 0, -1, 0, 0, 0, 1 
  @ ENDPATH, 0 :
  
  