@ ROUT, 0 : "150", 0, "1", 0, 2.5, "", 1, 18, -1, 0, 0, 0, 0, 0, 0, 0, 0, 0, 0, 0, 0, 0, 0, 0, 0, 0, 0, 0, 1, 0, 0, 0, 0, 1, 0, 0, 0, 0, 0, 1, 0, -1, 0, 5000, 18000, 0, 8000, "150", 103, 1, 0, 0, 90, 0, 0, 0, 0, 0, 0, 90, 0, 0, 0, 0, 0, 0, 0, 0, 0, 0, "", 0, 0, 0, 0, 0, 0, 0, 0, 0, "", 5, 0, 20, 80, 60, 0, "", "", "ROUT", 0, 1, 1, 0, 0, 0, 0, 0, 0, 0, 0, 0, 0, 0, 0, 0, 0, 2000, 0, 0.1, 0, 0, 0, 1, 110
  @ START_POINT, 0 : DY, LPY/2+DX, 0
  @ LINE_EP, 0 : LPX-DY, LPY/2+DX, 0, 0, 0, 0, 0, 0, 0
  @ ARC_EPRA, 0 : LPX-DY, LPY/2-DX, 40.001, 1, 0, 0, 0, 0, 0, 1
  @ LINE_EP, 0 : DY, LPY/2-DX, 0, 0, 0, 0, 0, 0, 0
  @ ARC_EPRA, 0 : DY, LPY/2+DX, 40, 1, 0, 0, 0, 0, 0, 0
  @ ENDPATH, 0 :

@ ROUT, 0 : "150", 0, "1", 0, 2.5, "", 1, 18, -1, 0, 0, 0, 0, 0, 0, 0, 0, 0, 0, 0, 0, 0, 0, 0, 0, 0, 0, 0, 1, 0, 0, 0, 0, 1, 0, 0, 0, 0, 0, 1, 0, -1, 0, 5000, 18000, 0, 8000, "150", 103, 1, 0, 0, 90, 0, 0, 0, 0, 0, 0, 90, 0, 0, 0, 0, 0, 0, 0, 0, 0, 0, "", 0, 0, 0, 0, 0, 0, 0, 0, 0, "", 5, 0, 20, 80, 60, 0, "", "", "ROUT", 0, 1, 1, 0, 0, 0, 0, 0, 0, 0, 0, 0, 0, 0, 0, 0, 0, 2000, 0, 0.1, 0, 0, 0, 1, 110
  @ START_POINT, 0 : 85, LPY/2, 0
  @ LINE_EP, 0 : LPX-85, LPY/2, 0, 0, 0, 0, 0, 0, 0
  @ ENDPATH, 0 :
  
@ ROUT, 0 : "136", 0, "1", 0, 1.5, "", 1, 18, -1, 0, 0, 0, 0, 0, 0, 0, 0, 0, 0, 0, 0, 0, 0, 0, 0, 0, 0, 0, 1, 0, 0, 0, 0, 1, 0, 0, 0, 0, 0, 1, 0, -1, 0, 5000, 18000, 0, 8000, "136", 103, 1, 0, 0, 90, 0, 0, 0, 0, 0, 0, 90, 0, 0, 0, 0, 0, 0, 0, 0, 0, 0, "", 0, 0, 0, 0, 0, 0, 0, 0, 0, "", 5, 0, 20, 80, 60, 0, "", "", "ROUT", 0, 1, 1, 0, 0, 0, 0, 0, 0, 0, 0, 0, 0, 0, 0, 0, 0, 2000, 0, 0.1, 0, 0, 0, 1, 110
  @ START_POINT, 0 : 67.5, LPY/2, 0
  @ ARC_EPRA, 0 : 67.5+(-22.500), LPY/2+(22.500), 22.5, 1, 0, 0, 0, 0, 0, 1
  @ ARC_EPRA, 0 : 67.5+(-45.000), LPY/2, 22.5, 1, 0, 0, 0, 0, 0, 1
  @ ARC_EPRA, 0 : 67.5+(-22.500), LPY/2+(-22.501), 22.5, 1, 0, 0, 0, 0, 0, 0
  @ ARC_EPRA, 0 : 67.5, LPY/2, 22.5, 1, 0, 0, 0, 0, 0, 0
  @ ENDPATH, 0 :

@ ROUT, 0 : "136", 0, "1", 0, 1.5, "", 1, 18, -1, 0, 0, 0, 0, 0, 0, 0, 0, 0, 0, 0, 0, 0, 0, 0, 0, 0, 0, 0, 1, 0, 0, 0, 0, 1, 0, 0, 0, 0, 0, 1, 0, -1, 0, 5000, 18000, 0, 8000, "136", 103, 1, 0, 0, 90, 0, 0, 0, 0, 0, 0, 90, 0, 0, 0, 0, 0, 0, 0, 0, 0, 0, "", 0, 0, 0, 0, 0, 0, 0, 0, 0, "", 5, 0, 20, 80, 60, 0, "", "", "ROUT", 0, 1, 1, 0, 0, 0, 0, 0, 0, 0, 0, 0, 0, 0, 0, 0, 0, 2000, 0, 0.1, 0, 0, 0, 1, 110
  @ START_POINT, 0 : 49.5, LPY/2, 0
  @ ARC_EPRA, 0 : 49.5+(-4.500), LPY/2+(4.500), 4.5, 1, 0, 0, 0, 0, 0, 1
  @ ARC_EPRA, 0 : 49.5+(-9.000), LPY/2, 4.5, 1, 0, 0, 0, 0, 0, 1
  @ ARC_EPRA, 0 : 49.5+(-4.500), LPY/2+(-4.501), 4.5, 1, 0, 0, 0, 0, 0, 0
  @ ARC_EPRA, 0 : 49.5, LPY/2, 4.5, 1, 0, 0, 0, 0, 0, 0
  @ ENDPATH, 0 :

@ ROUT, 0 : "136", 0, "1", 0, 1.5, "", 1, 18, -1, 0, 0, 0, 0, 0, 0, 0, 0, 0, 0, 0, 0, 0, 0, 0, 0, 0, 0, 0, 1, 0, 0, 0, 0, 1, 0, 0, 0, 0, 0, 1, 0, -1, 0, 5000, 18000, 0, 8000, "136", 103, 1, 0, 0, 90, 0, 0, 0, 0, 0, 0, 90, 0, 0, 0, 0, 0, 0, 0, 0, 0, 0, "", 0, 0, 0, 0, 0, 0, 0, 0, 0, "", 5, 0, 20, 80, 60, 0, "", "", "ROUT", 0, 1, 1, 0, 0, 0, 0, 0, 0, 0, 0, 0, 0, 0, 0, 0, 0, 2000, 0, 0.1, 0, 0, 0, 1, 110
  @ START_POINT, 0 : 40.868, LPY/2-9.977, 0
  @ ARC_EPRA, 0 : 40.868+(4.132), LPY/2-9.977+(-12.523), 25.65, 1, 0, 0, 0, 0, 0, 0
  @ ARC_EPRA, 0 : 40.868+(8.265), LPY/2-9.977, 25.65, 1, 0, 0, 0, 0, 0, 0
  @ ARC_EPRA, 0 : 40.868+(20.042), LPY/2-9.977+(-5.933), 25.65, 1, 0, 0, 0, 0, 0, 0
  @ ARC_EPRA, 0 : 40.868+(14.109), LPY/2-9.977+(5.845), 25.65, 1, 0, 0, 0, 0, 0, 1
  @ ARC_EPRA, 0 : 40.868+(26.632), LPY/2-9.977+(9.977), 25.65, 1, 0, 0, 0, 0, 0, 0
  @ ARC_EPRA, 0 : 40.868+(14.109), LPY/2-9.977+(14.110), 25.65, 1, 0, 0, 0, 0, 0, 1
  @ ARC_EPRA, 0 : 40.868+(20.042), LPY/2-9.977+(25.887), 25.65, 1, 0, 0, 0, 0, 0, 0
  @ ARC_EPRA, 0 : 40.868+(8.264), LPY/2-9.977+(19.954), 25.65, 1, 0, 0, 0, 0, 0, 1
  @ ARC_EPRA, 0 : 40.868+(4.131), LPY/2-9.977+(32.477), 25.65, 1, 0, 0, 0, 0, 0, 1
  @ ARC_EPRA, 0 : 40.868, LPY/2-9.977+(19.954), 25.65, 1, 0, 0, 0, 0, 0, 1
  @ ARC_EPRA, 0 : 40.868+(-11.778), LPY/2-9.977+(25.887), 25.65, 1, 0, 0, 0, 0, 0, 1
  @ ARC_EPRA, 0 : 40.868+(-5.845), LPY/2-9.977+(14.109), 25.65, 1, 0, 0, 0, 0, 0, 0
  @ ARC_EPRA, 0 : 40.868+(-18.368), LPY/2-9.977+(9.977), 25.65, 1, 0, 0, 0, 0, 0, 1
  @ ARC_EPRA, 0 : 40.868+(-5.845), LPY/2-9.977+(5.844), 25.65, 1, 0, 0, 0, 0, 0, 0
  @ ARC_EPRA, 0 : 40.868+(-11.778), LPY/2-9.977+(-5.933), 25.65, 1, 0, 0, 0, 0, 0, 1
  @ ARC_EPRA, 0 : 40.868, LPY/2-9.977, 25.65, 1, 0, 0, 0, 0, 0, 0
  @ LINE_EP, 0 : 40.868+(2.410), LPY/2-9.977+(5.820), 0, 0, 0, 0, 0, 0, 0
  @ ENDPATH, 0 :

@ ROUT, 0 : "136", 0, "1", 0, 1.5, "", 1, 18, -1, 0, 0, 0, 0, 0, 0, 0, 0, 0, 0, 0, 0, 0, 0, 0, 0, 0, 0, 0, 1, 0, 0, 0, 0, 1, 0, 0, 0, 0, 0, 1, 0, -1, 0, 5000, 18000, 0, 8000, "136", 103, 1, 0, 0, 90, 0, 0, 0, 0, 0, 0, 90, 0, 0, 0, 0, 0, 0, 0, 0, 0, 0, "", 0, 0, 0, 0, 0, 0, 0, 0, 0, "", 5, 0, 20, 80, 60, 0, "", "", "ROUT", 0, 1, 1, 0, 0, 0, 0, 0, 0, 0, 0, 0, 0, 0, 0, 0, 0, 2000, 0, 0.1, 0, 0, 0, 1, 110
  @ START_POINT, 0 : 35.023, LPY/2-4.132, 0
  @ LINE_EP, 0 : 35.023+(5.820), LPY/2-4.132+(2.410), 0, 0, 0, 0, 0, 0, 0
  @ ENDPATH, 0 :

@ ROUT, 0 : "136", 0, "1", 0, 1.5, "", 1, 18, -1, 0, 0, 0, 0, 0, 0, 0, 0, 0, 0, 0, 0, 0, 0, 0, 0, 0, 0, 0, 1, 0, 0, 0, 0, 1, 0, 0, 0, 0, 0, 1, 0, -1, 0, 5000, 18000, 0, 8000, "136", 103, 1, 0, 0, 90, 0, 0, 0, 0, 0, 0, 90, 0, 0, 0, 0, 0, 0, 0, 0, 0, 0, "", 0, 0, 0, 0, 0, 0, 0, 0, 0, "", 5, 0, 20, 80, 60, 0, "", "", "ROUT", 0, 1, 1, 0, 0, 0, 0, 0, 0, 0, 0, 0, 0, 0, 0, 0, 0, 2000, 0, 0.1, 0, 0, 0, 1, 110
  @ START_POINT, 0 : 46.723, LPY/2-4.157, 0
  @ LINE_EP, 0 : 46.723+(2.410), LPY/2-4.157+(-5.821), 0, 0, 0, 0, 0, 0, 0
  @ ENDPATH, 0 :

@ ROUT, 0 : "136", 0, "1", 0, 1.5, "", 1, 18, -1, 0, 0, 0, 0, 0, 0, 0, 0, 0, 0, 0, 0, 0, 0, 0, 0, 0, 0, 0, 1, 0, 0, 0, 0, 1, 0, 0, 0, 0, 0, 1, 0, -1, 0, 5000, 18000, 0, 8000, "136", 103, 1, 0, 0, 90, 0, 0, 0, 0, 0, 0, 90, 0, 0, 0, 0, 0, 0, 0, 0, 0, 0, "", 0, 0, 0, 0, 0, 0, 0, 0, 0, "", 5, 0, 20, 80, 60, 0, "", "", "ROUT", 0, 1, 1, 0, 0, 0, 0, 0, 0, 0, 0, 0, 0, 0, 0, 0, 0, 2000, 0, 0.1, 0, 0, 0, 1, 110
  @ START_POINT, 0 : 49.158, LPY/2-1.722, 0
  @ LINE_EP, 0 : 49.158+(5.820), LPY/2-1.722+(-2.411), 0, 0, 0, 0, 0, 0, 0
  @ ENDPATH, 0 :

@ ROUT, 0 : "136", 0, "1", 0, 1.5, "", 1, 18, -1, 0, 0, 0, 0, 0, 0, 0, 0, 0, 0, 0, 0, 0, 0, 0, 0, 0, 0, 0, 1, 0, 0, 0, 0, 1, 0, 0, 0, 0, 0, 1, 0, -1, 0, 5000, 18000, 0, 8000, "136", 103, 1, 0, 0, 90, 0, 0, 0, 0, 0, 0, 90, 0, 0, 0, 0, 0, 0, 0, 0, 0, 0, "", 0, 0, 0, 0, 0, 0, 0, 0, 0, "", 5, 0, 20, 80, 60, 0, "", "", "ROUT", 0, 1, 1, 0, 0, 0, 0, 0, 0, 0, 0, 0, 0, 0, 0, 0, 0, 2000, 0, 0.1, 0, 0, 0, 1, 110
  @ START_POINT, 0 : 49.158, LPY/2+1.723, 0
  @ LINE_EP, 0 : 49.158+(5.820), LPY/2+1.723+(2.410), 0, 0, 0, 0, 0, 0, 0
  @ ENDPATH, 0 :

@ ROUT, 0 : "136", 0, "1", 0, 1.5, "", 1, 18, -1, 0, 0, 0, 0, 0, 0, 0, 0, 0, 0, 0, 0, 0, 0, 0, 0, 0, 0, 0, 1, 0, 0, 0, 0, 1, 0, 0, 0, 0, 0, 1, 0, -1, 0, 5000, 18000, 0, 8000, "136", 103, 1, 0, 0, 90, 0, 0, 0, 0, 0, 0, 90, 0, 0, 0, 0, 0, 0, 0, 0, 0, 0, "", 0, 0, 0, 0, 0, 0, 0, 0, 0, "", 5, 0, 20, 80, 60, 0, "", "", "ROUT", 0, 1, 1, 0, 0, 0, 0, 0, 0, 0, 0, 0, 0, 0, 0, 0, 0, 2000, 0, 0.1, 0, 0, 0, 1, 110
  @ START_POINT, 0 : 46.723, LPY/2+4.158, 0
  @ LINE_EP, 0 : 46.723+(2.410), LPY/2+4.158+(5.820), 0, 0, 0, 0, 0, 0, 0
  @ ENDPATH, 0 :

@ ROUT, 0 : "136", 0, "1", 0, 1.5, "", 1, 18, -1, 0, 0, 0, 0, 0, 0, 0, 0, 0, 0, 0, 0, 0, 0, 0, 0, 0, 0, 0, 1, 0, 0, 0, 0, 1, 0, 0, 0, 0, 0, 1, 0, -1, 0, 5000, 18000, 0, 8000, "136", 103, 1, 0, 0, 90, 0, 0, 0, 0, 0, 0, 90, 0, 0, 0, 0, 0, 0, 0, 0, 0, 0, "", 0, 0, 0, 0, 0, 0, 0, 0, 0, "", 5, 0, 20, 80, 60, 0, "", "", "ROUT", 0, 1, 1, 0, 0, 0, 0, 0, 0, 0, 0, 0, 0, 0, 0, 0, 0, 2000, 0, 0.1, 0, 0, 0, 1, 110
  @ START_POINT, 0 : 43.278, LPY/2+4.158, 0
  @ LINE_EP, 0 : 43.278+(-2.411), LPY/2+4.158+(5.820), 0, 0, 0, 0, 0, 0, 0
  @ ENDPATH, 0 :

@ ROUT, 0 : "136", 0, "1", 0, 1.5, "", 1, 18, -1, 0, 0, 0, 0, 0, 0, 0, 0, 0, 0, 0, 0, 0, 0, 0, 0, 0, 0, 0, 1, 0, 0, 0, 0, 1, 0, 0, 0, 0, 0, 1, 0, -1, 0, 5000, 18000, 0, 8000, "136", 103, 1, 0, 0, 90, 0, 0, 0, 0, 0, 0, 90, 0, 0, 0, 0, 0, 0, 0, 0, 0, 0, "", 0, 0, 0, 0, 0, 0, 0, 0, 0, "", 5, 0, 20, 80, 60, 0, "", "", "ROUT", 0, 1, 1, 0, 0, 0, 0, 0, 0, 0, 0, 0, 0, 0, 0, 0, 0, 2000, 0, 0.1, 0, 0, 0, 1, 110
  @ START_POINT, 0 : 40.843, LPY/2+1.723, 0
  @ LINE_EP, 0 : 40.843+(-5.821), LPY/2+1.723+(2.410), 0, 0, 0, 0, 0, 0, 0
  @ ENDPATH, 0 :

@ ROUT, 0 : "136", 0, "1", 0, 1.5, "", 1, 18, -1, 0, 0, 0, 0, 0, 0, 0, 0, 0, 0, 0, 0, 0, 0, 0, 0, 0, 0, 0, 1, 0, 0, 0, 0, 1, 0, 0, 0, 0, 0, 1, 0, -1, 0, 5000, 18000, 0, 8000, "136", 103, 1, 0, 0, 90, 0, 0, 0, 0, 0, 0, 90, 0, 0, 0, 0, 0, 0, 0, 0, 0, 0, "", 0, 0, 0, 0, 0, 0, 0, 0, 0, "", 5, 0, 20, 80, 60, 0, "", "", "ROUT", 0, 1, 1, 0, 0, 0, 0, 0, 0, 0, 0, 0, 0, 0, 0, 0, 0, 2000, 0, 0.1, 0, 0, 0, 1, 110
  @ START_POINT, 0 : LPX-22.5, LPY/2, 0
  @ ARC_EPRA, 0 : LPX-22.5+(-22.500), LPY/2+(22.500), 22.5, 1, 0, 0, 0, 0, 0, 1
  @ ARC_EPRA, 0 : LPX-22.5+(-45.000), LPY/2, 22.5, 1, 0, 0, 0, 0, 0, 1
  @ ARC_EPRA, 0 : LPX-22.5+(-22.500), LPY/2+(-22.501), 22.5, 1, 0, 0, 0, 0, 0, 0
  @ ARC_EPRA, 0 : LPX-22.5, LPY/2, 22.5, 1, 0, 0, 0, 0, 0, 0
  @ ENDPATH, 0 :

@ ROUT, 0 : "136", 0, "1", 0, 1.5, "", 1, 18, -1, 0, 0, 0, 0, 0, 0, 0, 0, 0, 0, 0, 0, 0, 0, 0, 0, 0, 0, 0, 1, 0, 0, 0, 0, 1, 0, 0, 0, 0, 0, 1, 0, -1, 0, 5000, 18000, 0, 8000, "136", 103, 1, 0, 0, 90, 0, 0, 0, 0, 0, 0, 90, 0, 0, 0, 0, 0, 0, 0, 0, 0, 0, "", 0, 0, 0, 0, 0, 0, 0, 0, 0, "", 5, 0, 20, 80, 60, 0, "", "", "ROUT", 0, 1, 1, 0, 0, 0, 0, 0, 0, 0, 0, 0, 0, 0, 0, 0, 0, 2000, 0, 0.1, 0, 0, 0, 1, 110
  @ START_POINT, 0 : LPX-40.5, LPY/2, 0
  @ ARC_EPRA, 0 : LPX-40.5+(-4.500), LPY/2+(4.500), 4.5, 1, 0, 0, 0, 0, 0, 1
  @ ARC_EPRA, 0 : LPX-40.5+(-9.000), LPY/2, 4.5, 1, 0, 0, 0, 0, 0, 1
  @ ARC_EPRA, 0 : LPX-40.5+(-4.500), LPY/2+(-4.501), 4.5, 1, 0, 0, 0, 0, 0, 0
  @ ARC_EPRA, 0 : LPX-40.5, LPY/2, 4.5, 1, 0, 0, 0, 0, 0, 0
  @ ENDPATH, 0 :

@ ROUT, 0 : "136", 0, "1", 0, 1.5, "", 1, 18, -1, 0, 0, 0, 0, 0, 0, 0, 0, 0, 0, 0, 0, 0, 0, 0, 0, 0, 0, 0, 1, 0, 0, 0, 0, 1, 0, 0, 0, 0, 0, 1, 0, -1, 0, 5000, 18000, 0, 8000, "136", 103, 1, 0, 0, 90, 0, 0, 0, 0, 0, 0, 90, 0, 0, 0, 0, 0, 0, 0, 0, 0, 0, "", 0, 0, 0, 0, 0, 0, 0, 0, 0, "", 5, 0, 20, 80, 60, 0, "", "", "ROUT", 0, 1, 1, 0, 0, 0, 0, 0, 0, 0, 0, 0, 0, 0, 0, 0, 0, 2000, 0, 0.1, 0, 0, 0, 1, 110
  @ START_POINT, 0 : LPX-40.868, LPY/2-9.977, 0
  @ ARC_EPRA, 0 : LPX-40.868+(-4.133), LPY/2-9.977+(-12.523), 25.65, 2, 0, 0, 0, 0, 0, 0
  @ ARC_EPRA, 0 : LPX-40.868+(-8.266), LPY/2-9.977, 25.65, 2, 0, 0, 0, 0, 0, 0
  @ ARC_EPRA, 0 : LPX-40.868+(-20.043), LPY/2-9.977+(-5.933), 25.65, 2, 0, 0, 0, 0, 0, 0
  @ ARC_EPRA, 0 : LPX-40.868+(-14.110), LPY/2-9.977+(5.845), 25.65, 2, 0, 0, 0, 0, 0, 1
  @ ARC_EPRA, 0 : LPX-40.868+(-26.633), LPY/2-9.977+(9.978), 25.65, 2, 0, 0, 0, 0, 0, 0
  @ ARC_EPRA, 0 : LPX-40.868+(-14.110), LPY/2-9.977+(14.110), 25.65, 2, 0, 0, 0, 0, 0, 1
  @ ARC_EPRA, 0 : LPX-40.868+(-20.043), LPY/2-9.977+(25.887), 25.65, 2, 0, 0, 0, 0, 0, 0
  @ ARC_EPRA, 0 : LPX-40.868+(-8.265), LPY/2-9.977+(19.954), 25.65, 2, 0, 0, 0, 0, 0, 1
  @ ARC_EPRA, 0 : LPX-40.868+(-4.133), LPY/2-9.977+(32.478), 25.65, 2, 0, 0, 0, 0, 0, 1
  @ ARC_EPRA, 0 : LPX-40.868, LPY/2-9.977+(19.954), 25.65, 2, 0, 0, 0, 0, 0, 1
  @ ARC_EPRA, 0 : LPX-40.868+(11.777), LPY/2-9.977+(25.887), 25.65, 2, 0, 0, 0, 0, 0, 1
  @ ARC_EPRA, 0 : LPX-40.868+(5.844), LPY/2-9.977+(14.109), 25.65, 2, 0, 0, 0, 0, 0, 0
  @ ARC_EPRA, 0 : LPX-40.868+(18.368), LPY/2-9.977+(9.977), 25.65, 2, 0, 0, 0, 0, 0, 1
  @ ARC_EPRA, 0 : LPX-40.868+(5.844), LPY/2-9.977+(5.844), 25.65, 2, 0, 0, 0, 0, 0, 0
  @ ARC_EPRA, 0 : LPX-40.868+(11.777), LPY/2-9.977+(-5.933), 25.65, 2, 0, 0, 0, 0, 0, 1
  @ ARC_EPRA, 0 : LPX-40.868, LPY/2-9.977, 25.65, 2, 0, 0, 0, 0, 0, 0
  @ LINE_EP, 0 : LPX-40.868+(-2.411), LPY/2-9.977+(5.820), 0, 0, 0, 0, 0, 0, 0
  @ ENDPATH, 0 :

@ ROUT, 0 : "136", 0, "1", 0, 1.5, "", 1, 18, -1, 0, 0, 0, 0, 0, 0, 0, 0, 0, 0, 0, 0, 0, 0, 0, 0, 0, 0, 0, 1, 0, 0, 0, 0, 1, 0, 0, 0, 0, 0, 1, 0, -1, 0, 5000, 18000, 0, 8000, "136", 103, 1, 0, 0, 90, 0, 0, 0, 0, 0, 0, 90, 0, 0, 0, 0, 0, 0, 0, 0, 0, 0, "", 0, 0, 0, 0, 0, 0, 0, 0, 0, "", 5, 0, 20, 80, 60, 0, "", "", "ROUT", 0, 1, 1, 0, 0, 0, 0, 0, 0, 0, 0, 0, 0, 0, 0, 0, 0, 2000, 0, 0.1, 0, 0, 0, 1, 110
  @ START_POINT, 0 : LPX-35.023, LPY/2-4.132, 0
  @ LINE_EP, 0 : LPX-35.023+(-5.821), LPY/2-4.132+(2.410), 0, 0, 0, 0, 0, 0, 0
  @ ENDPATH, 0 :

@ ROUT, 0 : "136", 0, "1", 0, 1.5, "", 1, 18, -1, 0, 0, 0, 0, 0, 0, 0, 0, 0, 0, 0, 0, 0, 0, 0, 0, 0, 0, 0, 1, 0, 0, 0, 0, 1, 0, 0, 0, 0, 0, 1, 0, -1, 0, 5000, 18000, 0, 8000, "136", 103, 1, 0, 0, 90, 0, 0, 0, 0, 0, 0, 90, 0, 0, 0, 0, 0, 0, 0, 0, 0, 0, "", 0, 0, 0, 0, 0, 0, 0, 0, 0, "", 5, 0, 20, 80, 60, 0, "", "", "ROUT", 0, 1, 1, 0, 0, 0, 0, 0, 0, 0, 0, 0, 0, 0, 0, 0, 0, 2000, 0, 0.1, 0, 0, 0, 1, 110
  @ START_POINT, 0 : LPX-46.723, LPY/2-4.157, 0
  @ LINE_EP, 0 : LPX-46.723+(-2.411), LPY/2-4.157+(-5.821), 0, 0, 0, 0, 0, 0, 0
  @ ENDPATH, 0 :

@ ROUT, 0 : "136", 0, "1", 0, 1.5, "", 1, 18, -1, 0, 0, 0, 0, 0, 0, 0, 0, 0, 0, 0, 0, 0, 0, 0, 0, 0, 0, 0, 1, 0, 0, 0, 0, 1, 0, 0, 0, 0, 0, 1, 0, -1, 0, 5000, 18000, 0, 8000, "136", 103, 1, 0, 0, 90, 0, 0, 0, 0, 0, 0, 90, 0, 0, 0, 0, 0, 0, 0, 0, 0, 0, "", 0, 0, 0, 0, 0, 0, 0, 0, 0, "", 5, 0, 20, 80, 60, 0, "", "", "ROUT", 0, 1, 1, 0, 0, 0, 0, 0, 0, 0, 0, 0, 0, 0, 0, 0, 0, 2000, 0, 0.1, 0, 0, 0, 1, 110
  @ START_POINT, 0 : LPX-49.158, LPY/2-1.722, 0
  @ LINE_EP, 0 : LPX-49.158+(-5.821), LPY/2-1.722+(-2.411), 0, 0, 0, 0, 0, 0, 0
  @ ENDPATH, 0 :

@ ROUT, 0 : "136", 0, "1", 0, 1.5, "", 1, 18, -1, 0, 0, 0, 0, 0, 0, 0, 0, 0, 0, 0, 0, 0, 0, 0, 0, 0, 0, 0, 1, 0, 0, 0, 0, 1, 0, 0, 0, 0, 0, 1, 0, -1, 0, 5000, 18000, 0, 8000, "136", 103, 1, 0, 0, 90, 0, 0, 0, 0, 0, 0, 90, 0, 0, 0, 0, 0, 0, 0, 0, 0, 0, "", 0, 0, 0, 0, 0, 0, 0, 0, 0, "", 5, 0, 20, 80, 60, 0, "", "", "ROUT", 0, 1, 1, 0, 0, 0, 0, 0, 0, 0, 0, 0, 0, 0, 0, 0, 0, 2000, 0, 0.1, 0, 0, 0, 1, 110
  @ START_POINT, 0 : LPX-49.158, LPY/2+1.723, 0
  @ LINE_EP, 0 : LPX-49.158+(-5.821), LPY/2+1.723+(2.410), 0, 0, 0, 0, 0, 0, 0
  @ ENDPATH, 0 :

@ ROUT, 0 : "136", 0, "1", 0, 1.5, "", 1, 18, -1, 0, 0, 0, 0, 0, 0, 0, 0, 0, 0, 0, 0, 0, 0, 0, 0, 0, 0, 0, 1, 0, 0, 0, 0, 1, 0, 0, 0, 0, 0, 1, 0, -1, 0, 5000, 18000, 0, 8000, "136", 103, 1, 0, 0, 90, 0, 0, 0, 0, 0, 0, 90, 0, 0, 0, 0, 0, 0, 0, 0, 0, 0, "", 0, 0, 0, 0, 0, 0, 0, 0, 0, "", 5, 0, 20, 80, 60, 0, "", "", "ROUT", 0, 1, 1, 0, 0, 0, 0, 0, 0, 0, 0, 0, 0, 0, 0, 0, 0, 2000, 0, 0.1, 0, 0, 0, 1, 110
  @ START_POINT, 0 : LPX-46.723, LPY/2+4.158, 0
  @ LINE_EP, 0 : LPX-46.723+(-2.411), LPY/2+4.158+(5.820), 0, 0, 0, 0, 0, 0, 0
  @ ENDPATH, 0 :

@ ROUT, 0 : "136", 0, "1", 0, 1.5, "", 1, 18, -1, 0, 0, 0, 0, 0, 0, 0, 0, 0, 0, 0, 0, 0, 0, 0, 0, 0, 0, 0, 1, 0, 0, 0, 0, 1, 0, 0, 0, 0, 0, 1, 0, -1, 0, 5000, 18000, 0, 8000, "136", 103, 1, 0, 0, 90, 0, 0, 0, 0, 0, 0, 90, 0, 0, 0, 0, 0, 0, 0, 0, 0, 0, "", 0, 0, 0, 0, 0, 0, 0, 0, 0, "", 5, 0, 20, 80, 60, 0, "", "", "ROUT", 0, 1, 1, 0, 0, 0, 0, 0, 0, 0, 0, 0, 0, 0, 0, 0, 0, 2000, 0, 0.1, 0, 0, 0, 1, 110
  @ START_POINT, 0 : LPX-43.278, LPY/2+4.158, 0
  @ LINE_EP, 0 : LPX-43.278+(2.410), LPY/2+4.158+(5.820), 0, 0, 0, 0, 0, 0, 0
  @ ENDPATH, 0 :

@ ROUT, 0 : "136", 0, "1", 0, 1.5, "", 1, 18, -1, 0, 0, 0, 0, 0, 0, 0, 0, 0, 0, 0, 0, 0, 0, 0, 0, 0, 0, 0, 1, 0, 0, 0, 0, 1, 0, 0, 0, 0, 0, 1, 0, -1, 0, 5000, 18000, 0, 8000, "136", 103, 1, 0, 0, 90, 0, 0, 0, 0, 0, 0, 90, 0, 0, 0, 0, 0, 0, 0, 0, 0, 0, "", 0, 0, 0, 0, 0, 0, 0, 0, 0, "", 5, 0, 20, 80, 60, 0, "", "", "ROUT", 0, 1, 1, 0, 0, 0, 0, 0, 0, 0, 0, 0, 0, 0, 0, 0, 0, 2000, 0, 0.1, 0, 0, 0, 1, 110
  @ START_POINT, 0 : LPX-40.843, LPY/2+1.723, 0
  @ LINE_EP, 0 : LPX-40.843+(5.820), LPY/2+1.723+(2.410), 0, 0, 0, 0, 0, 0, 0
  @ ENDPATH, 0 :
