@ ROUT, 0 : "150", 0, "1", 0, 0, "", 1, 18, -1, 0, 0, 0, 0, 0, 0, 0, 0, 0, 0, 0, 0, 0, 0, 0, 0, 0, 0, 0, 1, 0, 0, 0, 0, 1, 0, 0, 0, 0, 0, 1, 0, -1, 0, 5000, 18000, 0, 8000, "150", 103, 1, 0, 0, 90, 0, 0, 0, 0, 0, 0, 90, 0, 0, 0, 0, 0, 0, 0, 0, 0, 0, "", 0, 0, 0, 0, 0, 0, 0, 0, 0, "", 5, 0, 20, 80, 60, 0, "", "", "ROUT", 0, 1, 1, 0, 0, 0, 0, 0, 0, 0, 0, 0, 0, 0, 0, 0, 0, 2000, 0, 0.1, 0, 0, 0, 1, 110
  @ START_POINT, 0 : RAMX+OBV3+20, RAMY+OBV3, 0
  @ LINE_EP, 0 : lpx-RAMX-OBV3, RAMY+OBV3, 9, 0, 0, 0, 0, 0, 0
  @ LINE_EP, 0 : lpx-RAMX-OBV3, lpy-RAMY-OBV3, 0, 0, 0, 0, 0, 0, 0
  @ LINE_EP, 0 : RAMX+OBV3, lpy-RAMY-OBV3, 0, 0, 0, 0, 0, 0, 0
  @ LINE_EP, 0 : RAMX+OBV3, RAMY+OBV3, 0, 0, 0, 0, 0, 0, 0
  @ LINE_EP, 0 : RAMX+OBV3+30, RAMY+OBV3, 0, 0, 0, 0, 0, 0, 0
  @ LINE_EP, 0 : RAMX+OBV3+60, RAMY+OBV3, 0, -1, 0, 0, 0, 0, 0
  @ ENDPATH, 0 :
  
@ ROUT, 0 : "150", 0, "1", 0, 0, "", 1, 18, -1, 0, 0, 0, 0, 0, 0, 0, 0, 0, 0, 0, 0, 0, 0, 0, 0, 0, 0, 0, 1, 0, 0, 0, 0, 1, 0, 0, 0, 0, 0, 1, 0, -1, 0, 5000, 18000, 0, 8000, "150", 103, 1, 0, 0, 90, 0, 0, 0, 0, 0, 0, 90, 0, 0, 0, 0, 0, 0, 0, 0, 0, 0, "", 0, 0, 0, 0, 0, 0, 0, 0, 0, "", 5, 0, 20, 80, 60, 0, "", "", "ROUT", 0, 1, 1, 0, 0, 0, 0, 0, 0, 0, 0, 0, 0, 0, 0, 0, 0, 2000, 0, 0.1, 0, 0, 0, 1, 110
  @ START_POINT, 0 : RAMX+OBV5+20, RAMY+OBV5, 0
  @ LINE_EP, 0 : lpx-RAMX-OBV5, RAMY+OBV5, 9, 0, 0, 0, 0, 0, 0
  @ LINE_EP, 0 : lpx-RAMX-OBV5, lpy-RAMY-OBV5, 0, 0, 0, 0, 0, 0, 0
  @ LINE_EP, 0 : RAMX+OBV5, lpy-RAMY-OBV5, 0, 0, 0, 0, 0, 0, 0
  @ LINE_EP, 0 : RAMX+OBV5, RAMY+OBV5, 0, 0, 0, 0, 0, 0, 0
  @ LINE_EP, 0 : RAMX+OBV5+30, RAMY+OBV5, 0, 0, 0, 0, 0, 0, 0
  @ LINE_EP, 0 : RAMX+OBV5+60, RAMY+OBV5, 0, -1, 0, 0, 0, 0, 0
  @ ENDPATH, 0 :
  
' kray18
' pod45

@ ROUT, 0 : "144", 0, "1", 0, 0, "", 1, 18, -1, 0, 0, 0, 0, 0, 0, 0, 0, 0, 0, 0, 0, 0, 0, 0, 0, 0, 0, 0, 1, 0, 0, 0, 0, 1, 0, 0, 0, 0, 0, 1, 0, -1, 0, 5000, 18000, 0, 8000, "144", 103, 1, 0, 0, 90, 0, 0, 0, 0, 0, 0, 90, 0, 0, 0, 0, 0, 0, 0, 0, 0, 0, "", 0, 0, 0, 0, 0, 0, 0, 0, 0, "", 5, 0, 20, 80, 60, 0, "", "", "ROUT", 0, 1, 1, 0, 0, 0, 0, 0, 0, 0, 0, 0, 0, 0, 0, 0, 0, 2000, 0, 0.1, 0, 0, 0, 1, 110
  @ START_POINT, 0 : RAMX+OBV4+20, RAMY+OBV4, 0
  @ LINE_EP, 0 : lpx-RAMX-OBV4, RAMY+OBV4, 9, 0, 0, 0, 0, 0, 0
  @ LINE_EP, 0 : lpx-RAMX-OBV4+10, RAMY+OBV4-10, 0, -10, 0, 0, 0, 0, 0
  @ LINE_EP, 0 : lpx-RAMX-OBV4, RAMY+OBV4, 0, 10, 0, 0, 0, 0, 0
  @ LINE_EP, 0 : lpx-RAMX-OBV4, lpy-RAMY-OBV4, 0, 0, 0, 0, 0, 0, 0
  @ LINE_EP, 0 : lpx-RAMX-OBV4+10, lpy-RAMY-OBV4+10, 0, -10, 0, 0, 0, 0, 0
  @ LINE_EP, 0 : lpx-RAMX-OBV4, lpy-RAMY-OBV4, 0, 10, 0, 0, 0, 0, 0
  @ LINE_EP, 0 : RAMX+OBV4, lpy-RAMY-OBV4, 0, 0, 0, 0, 0, 0, 0
  @ LINE_EP, 0 : RAMX+OBV4-10, lpy-RAMY-OBV4+10, 0, -10, 0, 0, 0, 0, 0
  @ LINE_EP, 0 : RAMX+OBV4, lpy-RAMY-OBV4, 0, 10, 0, 0, 0, 0, 0
  @ LINE_EP, 0 : RAMX+OBV4, RAMY+OBV4, 0, 0, 0, 0, 0, 0, 0
  @ LINE_EP, 0 : RAMX+OBV4-10, RAMY+OBV4-10, 0, -10, 0, 0, 0, 0, 0
  @ LINE_EP, 0 : RAMX+OBV4, RAMY+OBV4, 0, 10, 0, 0, 0, 0, 0
  @ LINE_EP, 0 : RAMX+OBV4+30, RAMY+OBV4, 0, 0, 0, 0, 0, 0, 0
  @ LINE_EP, 0 : RAMX+OBV4+60, RAMY+OBV4, 0, -1, 0, 0, 0, 0, 0
  @ ENDPATH, 0 :
  
@ ROUT, 0 : "144_1", 0, "1", 0, 0, "", 1, 18, -1, 0, 0, 0, 0, 0, 0, 0, 0, 0, 0, 0, 0, 0, 0, 0, 0, 0, 0, 0, 1, 0, 0, 0, 0, 1, 0, 0, 0, 0, 0, 1, 0, -1, 0, 5000, 18000, 0, 8000, "144", 103, 1, 0, 0, 90, 0, 0, 0, 0, 0, 0, 90, 0, 0, 0, 0, 0, 0, 0, 0, 0, 0, "", 0, 0, 0, 0, 0, 0, 0, 0, 0, "", 5, 0, 20, 80, 60, 0, "", "", "ROUT", 0, 1, 1, 0, 0, 0, 0, 0, 0, 0, 0, 0, 0, 0, 0, 0, 0, 2000, 0, 0.1, 0, 0, 0, 1, 110
  @ START_POINT, 0 : -20, RAMY+OBV6, 0
  @ LINE_EP, 0 : lpx+20, RAMY+OBV6, 2, 0, 0, 0, 0, 0, 0
  @ LINE_EP, 0 : lpx+20, lpy-RAMY-OBV6, 0, 0, 0, 0, 0, 0, 0
  @ LINE_EP, 0 : -20, lpy-RAMY-OBV6, 0, 0, 0, 0, 0, 0, 0
  @ ENDPATH, 0 :
  