@ ROUT, 0 : "150", 0, "1", 0, 0, "", 1, 18, -1, 0, 0, 0, 0, 0, 0, 0, 0, 0, 0, 0, 0, 0, 0, 0, 0, 0, 0, 0, 1, 0, 0, 0, 0, 1, 0, 0, 0, 0, 0, 1, 0, -1, 0, 5000, 18000, 0, 8000, "150", 103, 1, 0, 0, 90, 0, 0, 0, 0, 0, 0, 90, 0, 0, 0, 0, 0, 0, 0, 0, 0, 0, "", 0, 0, 0, 0, 0, 0, 0, 0, 0, "", 5, 0, 20, 80, 60, 0, "", "", "ROUT", 0, 1, 1, 0, 0, 0, 0, 0, 0, 0, 0, 0, 0, 0, 0, 0, 0, 2000, 0, 0.1, 0, 0, 0, 1, 110
  @ START_POINT, 0 : RAMX+OBV0+20, RAMY+OBV0, 0
  @ LINE_EP, 0 : lpx-RAMX-OBV0, RAMY+OBV0, 5.0, 0, 0, 0, 0, 0, 0
  @ LINE_EP, 0 : lpx-RAMX-OBV0, lpy-RAMY-OBV0, 0, 0, 0, 0, 0, 0, 0
  @ LINE_EP, 0 : RAMX+OBV0, lpy-RAMY-OBV0, 0, 0, 0, 0, 0, 0, 0
  @ LINE_EP, 0 : RAMX+OBV0, RAMY+OBV0, 0, 0, 0, 0, 0, 0, 0
  @ LINE_EP, 0 : RAMX+OBV0+30, RAMY+OBV0, 0, 0, 0, 0, 0, 0, 0
  @ LINE_EP, 0 : RAMX+OBV0+60, RAMY+OBV0, 0, -1, 0, 0, 0, 0, 0
  @ ENDPATH, 0 :  

' kray18
' pod45
  
@ ROUT, 0 : "144", 0, "1", 0, 0, "", 1, 18, -1, 0, 0, 0, 0, 0, 0, 0, 0, 0, 0, 0, 0, 0, 0, 0, 0, 0, 0, 0, 1, 0, 0, 0, 0, 1, 0, 0, 0, 0, 0, 1, 0, -1, 0, 5000, 18000, 0, 8000, "144", 103, 1, 0, 0, 90, 0, 0, 0, 0, 0, 0, 90, 0, 0, 0, 0, 0, 0, 0, 0, 0, 0, "", 0, 0, 0, 0, 0, 0, 0, 0, 0, "", 5, 0, 20, 80, 60, 0, "", "", "ROUT", 0, 1, 1, 0, 0, 0, 0, 0, 0, 0, 0, 0, 0, 0, 0, 0, 0, 2000, 0, 0.1, 0, 0, 0, 1, 110
  @ START_POINT, 0 : RAMX+OBV1+20, RAMY+OBV1, 0
  @ LINE_EP, 0 : lpx-RAMX-OBV1, RAMY+OBV1, 5.0, 0, 0, 0, 0, 0, 0
  @ LINE_EP, 0 : lpx-RAMX-OBV1+10, RAMY+OBV1-10, 0, -10, 0, 0, 0, 0, 0
  @ LINE_EP, 0 : lpx-RAMX-OBV1, RAMY+OBV1, 0, 10, 0, 0, 0, 0, 0
  @ LINE_EP, 0 : lpx-RAMX-OBV1, lpy-RAMY-OBV1, 0, 0, 0, 0, 0, 0, 0
  @ LINE_EP, 0 : lpx-RAMX-OBV1+10, lpy-RAMY-OBV1+10, 0, -10, 0, 0, 0, 0, 0
  @ LINE_EP, 0 : lpx-RAMX-OBV1, lpy-RAMY-OBV1, 0, 10, 0, 0, 0, 0, 0
  @ LINE_EP, 0 : RAMX+OBV1, lpy-RAMY-OBV1, 0, 0, 0, 0, 0, 0, 0
  @ LINE_EP, 0 : RAMX+OBV1-10, lpy-RAMY-OBV1+10, 0, -10, 0, 0, 0, 0, 0
  @ LINE_EP, 0 : RAMX+OBV1, lpy-RAMY-OBV1, 0, 10, 0, 0, 0, 0, 0
  @ LINE_EP, 0 : RAMX+OBV1, RAMY+OBV1, 0, 0, 0, 0, 0, 0, 0
  @ LINE_EP, 0 : RAMX+OBV1-10, RAMY+OBV1-10, 0, -10, 0, 0, 0, 0, 0
  @ LINE_EP, 0 : RAMX+OBV1, RAMY+OBV1, 0, 10, 0, 0, 0, 0, 0
  @ LINE_EP, 0 : RAMX+OBV1+30, RAMY+OBV1, 0, 0, 0, 0, 0, 0, 0
  @ LINE_EP, 0 : RAMX+OBV1+60, RAMY+OBV1, 0, -1, 0, 0, 0, 0, 0
  @ ENDPATH, 0 : 

@ ROUT, 0 : "140", 0, "1", 0, 0, "", 1, 18, -1, 0, 0, 0, 0, 0, 0, 0, 0, 0, 0, 0, 0, 0, 0, 0, 0, 0, 0, 0, 1, 0, 0, 0, 0, 1, 0, 0, 0, 0, 0, 1, 0, -1, 0, 5000, 18000, 0, 8000, "140", 103, 1, 0, 0, 90, 0, 0, 0, 0, 0, 0, 90, 0, 0, 0, 0, 0, 0, 0, 0, 0, 0, "", 0, 0, 0, 0, 0, 0, 0, 0, 0, "", 5, 0, 20, 80, 60, 0, "", "", "ROUT", 0, 1, 1, 0, 0, 0, 0, 0, 0, 0, 0, 0, 0, 0, 0, 0, 0, 2000, 0, 0.1, 0, 0, 0, 1, 110
'vib1
  @ ENDPATH, 0 :
