@ ROUT, 0 : "157", 0, "1", 0, 0, "", 1, 18, -1, 0, 0, 0, 0, 0, 0, 0, 0, 0, 0, 0, 0, 0, 0, 0, 0, 0, 0, 0, 1, 0, 0, 0, 0, 1, 0, 0, 0, 0, 0, 1, 0, -1, 0, 5000, 18000, 0, 8000, "157", 103, 1, 0, 0, 90, 0, 0, 0, 0, 0, 0, 90, 0, 0, 0, 0, 0, 0, 0, 0, 0, 0, "", 0, 0, 0, 0, 0, 0, 0, 0, 0, "", 5, 0, 20, 80, 60, 0, "", "", "ROUT", 0, 1, 1, 0, 0, 0, 0, 0, 0, 0, 0, 0, 0, 0, 0, 0, 0, 2000, 0, 0.1, 0, 0, 0, 1, 110
  @ START_POINT, 0 : (RAMX+OBV0)+zaz+50, (RAMX+OBV0), 0
  @ LINE_EP, 0 : (RAMX+OBV0)+zaz+100, (RAMX+OBV0), 0, 9, 0, 0, 0, 0, 0
  @ LINE_EP, 0 : lpx-z0, (RAMX+OBV0), 0, 0, 0, 0, 0, 0, 0
  @ LINE_EP, 0 : lpx/2, h0, 0, 0, 0, 0, 0, 0, 0
  @ LINE_EP, 0 : z0, (RAMX+OBV0), 0, 0, 0, 0, 0, 0, 0
  @ LINE_EP, 0 : (RAMX+OBV0)+zaz+110, (RAMX+OBV0), 0, 0, 0, 0, 0, 0, 0
  @ ENDPATH, 0 :  
@ ROUT, 0 : "157", 0, "1", 0, 0, "", 1, 18, -1, 0, 0, 0, 0, 0, 0, 0, 0, 0, 0, 0, 0, 0, 0, 0, 0, 0, 0, 0, 1, 0, 0, 0, 0, 1, 0, 0, 0, 0, 0, 1, 0, -1, 0, 5000, 18000, 0, 8000, "157", 103, 1, 0, 0, 90, 0, 0, 0, 0, 0, 0, 90, 0, 0, 0, 0, 0, 0, 0, 0, 0, 0, "", 0, 0, 0, 0, 0, 0, 0, 0, 0, "", 5, 0, 20, 80, 60, 0, "", "", "ROUT", 0, 1, 1, 0, 0, 0, 0, 0, 0, 0, 0, 0, 0, 0, 0, 0, 0, 2000, 0, 0.1, 0, 0, 0, 1, 110
  @ START_POINT, 0 : (RAMX+OBV1)+zaz+50, (RAMX+OBV1), 0
  @ LINE_EP, 0 : (RAMX+OBV1)+zaz+100, (RAMX+OBV1), 0, 9, 0, 0, 0, 0, 0
  @ LINE_EP, 0 : lpx-z1, (RAMX+OBV1), 0, 0, 0, 0, 0, 0, 0
  @ LINE_EP, 0 : lpx/2, h1, 0, 0, 0, 0, 0, 0, 0
  @ LINE_EP, 0 : z1, (RAMX+OBV1), 0, 0, 0, 0, 0, 0, 0
  @ LINE_EP, 0 : (RAMX+OBV1)+zaz+110, (RAMX+OBV1), 0, 0, 0, 0, 0, 0, 0
  @ ENDPATH, 0 :  
@ ROUT, 0 : "157", 0, "1", 0, 0, "", 1, 18, -1, 0, 0, 0, 0, 0, 0, 0, 0, 0, 0, 0, 0, 0, 0, 0, 0, 0, 0, 0, 1, 0, 0, 0, 0, 1, 0, 0, 0, 0, 0, 1, 0, -1, 0, 5000, 18000, 0, 8000, "157", 103, 1, 0, 0, 90, 0, 0, 0, 0, 0, 0, 90, 0, 0, 0, 0, 0, 0, 0, 0, 0, 0, "", 0, 0, 0, 0, 0, 0, 0, 0, 0, "", 5, 0, 20, 80, 60, 0, "", "", "ROUT", 0, 1, 1, 0, 0, 0, 0, 0, 0, 0, 0, 0, 0, 0, 0, 0, 0, 2000, 0, 0.1, 0, 0, 0, 1, 110
  @ START_POINT, 0 : (RAMX+OBV0), (RAMX+OBV0)+zaz+50, 0
  @ LINE_EP, 0 : (RAMX+OBV0), (RAMX+OBV0)+zaz+100, 0, 9, 0, 0, 0, 0, 0
  @ LINE_EP, 0 : (RAMX+OBV0), lpy-f0, 0, 0, 0, 0, 0, 0, 0
  @ LINE_EP, 0 : g0, lpy/2, 0, 0, 0, 0, 0, 0, 0
  @ LINE_EP, 0 : (RAMX+OBV0), f0, 0, 0, 0, 0, 0, 0, 0
  @ LINE_EP, 0 : (RAMX+OBV0), (RAMX+OBV0)+zaz+110, 0, 0, 0, 0, 0, 0, 0
  @ ENDPATH, 0 : 
@ ROUT, 0 : "157", 0, "1", 0, 0, "", 1, 18, -1, 0, 0, 0, 0, 0, 0, 0, 0, 0, 0, 0, 0, 0, 0, 0, 0, 0, 0, 0, 1, 0, 0, 0, 0, 1, 0, 0, 0, 0, 0, 1, 0, -1, 0, 5000, 18000, 0, 8000, "157", 103, 1, 0, 0, 90, 0, 0, 0, 0, 0, 0, 90, 0, 0, 0, 0, 0, 0, 0, 0, 0, 0, "", 0, 0, 0, 0, 0, 0, 0, 0, 0, "", 5, 0, 20, 80, 60, 0, "", "", "ROUT", 0, 1, 1, 0, 0, 0, 0, 0, 0, 0, 0, 0, 0, 0, 0, 0, 0, 2000, 0, 0.1, 0, 0, 0, 1, 110
  @ START_POINT, 0 : (RAMX+OBV1), (RAMX+OBV1)+zaz+50, 0
  @ LINE_EP, 0 : (RAMX+OBV1), (RAMX+OBV1)+zaz+100, 0, 9, 0, 0, 0, 0, 0
  @ LINE_EP, 0 : (RAMX+OBV1), lpy-f1, 0, 0, 0, 0, 0, 0, 0
  @ LINE_EP, 0 : g1, lpy/2, 0, 0, 0, 0, 0, 0, 0
  @ LINE_EP, 0 : (RAMX+OBV1), f1, 0, 0, 0, 0, 0, 0, 0
  @ LINE_EP, 0 : (RAMX+OBV1), (RAMX+OBV1)+zaz+110, 0, 0, 0, 0, 0, 0, 0
  @ ENDPATH, 0 :
  
@ ROUT, 0 : "150", 0, "1", 0, 0, "", 1, 18, -1, 0, 0, 0, 0, 0, 0, 0, 0, 0, 0, 0, 0, 0, 0, 0, 0, 0, 0, 0, 1, 0, 0, 0, 0, 1, 0, 0, 0, 0, 0, 1, 0, -1, 0, 5000, 18000, 0, 8000, "150", 103, 1, 0, 0, 90, 0, 0, 0, 0, 0, 0, 90, 0, 0, 0, 0, 0, 0, 0, 0, 0, 0, "", 0, 0, 0, 0, 0, 0, 0, 0, 0, "", 5, 0, 20, 80, 60, 0, "", "", "ROUT", 0, 1, 1, 0, 0, 0, 0, 0, 0, 0, 0, 0, 0, 0, 0, 0, 0, 2000, 0, 0.1, 0, 0, 0, 1, 110
  @ START_POINT, 0 : (RAMX+OBV3)+zaz+50, (RAMX+OBV3), 0
  @ LINE_EP, 0 : (RAMX+OBV3)+zaz+100, (RAMX+OBV3), 0, 9, 0, 0, 0, 0, 0
  @ LINE_EP, 0 : lpx-z3, (RAMX+OBV3), 0, 0, 0, 0, 0, 0, 0
  @ LINE_EP, 0 : lpx/2, h3, 0, 0, 0, 0, 0, 0, 0
  @ LINE_EP, 0 : z3, (RAMX+OBV3), 0, 0, 0, 0, 0, 0, 0
  @ LINE_EP, 0 : (RAMX+OBV3)+zaz+110, (RAMX+OBV3), 0, 0, 0, 0, 0, 0, 0
  @ ENDPATH, 0 :  
@ ROUT, 0 : "150", 0, "1", 0, 0, "", 1, 18, -1, 0, 0, 0, 0, 0, 0, 0, 0, 0, 0, 0, 0, 0, 0, 0, 0, 0, 0, 0, 1, 0, 0, 0, 0, 1, 0, 0, 0, 0, 0, 1, 0, -1, 0, 5000, 18000, 0, 8000, "150", 103, 1, 0, 0, 90, 0, 0, 0, 0, 0, 0, 90, 0, 0, 0, 0, 0, 0, 0, 0, 0, 0, "", 0, 0, 0, 0, 0, 0, 0, 0, 0, "", 5, 0, 20, 80, 60, 0, "", "", "ROUT", 0, 1, 1, 0, 0, 0, 0, 0, 0, 0, 0, 0, 0, 0, 0, 0, 0, 2000, 0, 0.1, 0, 0, 0, 1, 110
  @ START_POINT, 0 : (RAMX+OBV5)+zaz+50, (RAMX+OBV5), 0
  @ LINE_EP, 0 : (RAMX+OBV5)+zaz+100, (RAMX+OBV5), 0, 3, 0, 0, 0, 0, 0
  @ LINE_EP, 0 : lpx-z5, (RAMX+OBV5), 0, 0, 0, 0, 0, 0, 0
  @ LINE_EP, 0 : lpx/2, h5, 0, 0, 0, 0, 0, 0, 0
  @ LINE_EP, 0 : z5, (RAMX+OBV5), 0, 0, 0, 0, 0, 0, 0
  @ LINE_EP, 0 : (RAMX+OBV5)+zaz+110, (RAMX+OBV5), 0, 0, 0, 0, 0, 0, 0
  @ ENDPATH, 0 :
@ ROUT, 0 : "150", 0, "1", 0, 0, "", 1, 18, -1, 0, 0, 0, 0, 0, 0, 0, 0, 0, 0, 0, 0, 0, 0, 0, 0, 0, 0, 0, 1, 0, 0, 0, 0, 1, 0, 0, 0, 0, 0, 1, 0, -1, 0, 5000, 18000, 0, 8000, "150", 103, 1, 0, 0, 90, 0, 0, 0, 0, 0, 0, 90, 0, 0, 0, 0, 0, 0, 0, 0, 0, 0, "", 0, 0, 0, 0, 0, 0, 0, 0, 0, "", 5, 0, 20, 80, 60, 0, "", "", "ROUT", 0, 1, 1, 0, 0, 0, 0, 0, 0, 0, 0, 0, 0, 0, 0, 0, 0, 2000, 0, 0.1, 0, 0, 0, 1, 110
  @ START_POINT, 0 : (RAMX+OBV3), (RAMX+OBV3)+zaz+50, 0
  @ LINE_EP, 0 : (RAMX+OBV3), (RAMX+OBV3)+zaz+100, 0, 9, 0, 0, 0, 0, 0
  @ LINE_EP, 0 : (RAMX+OBV3), lpy-f3, 0, 0, 0, 0, 0, 0, 0
  @ LINE_EP, 0 : g3, lpy/2, 0, 0, 0, 0, 0, 0, 0
  @ LINE_EP, 0 : (RAMX+OBV3), f3, 0, 0, 0, 0, 0, 0, 0
  @ LINE_EP, 0 : (RAMX+OBV3), (RAMX+OBV3)+zaz+110, 0, 0, 0, 0, 0, 0, 0
  @ ENDPATH, 0 :  
@ ROUT, 0 : "150", 0, "1", 0, 0, "", 1, 18, -1, 0, 0, 0, 0, 0, 0, 0, 0, 0, 0, 0, 0, 0, 0, 0, 0, 0, 0, 0, 1, 0, 0, 0, 0, 1, 0, 0, 0, 0, 0, 1, 0, -1, 0, 5000, 18000, 0, 8000, "150", 103, 1, 0, 0, 90, 0, 0, 0, 0, 0, 0, 90, 0, 0, 0, 0, 0, 0, 0, 0, 0, 0, "", 0, 0, 0, 0, 0, 0, 0, 0, 0, "", 5, 0, 20, 80, 60, 0, "", "", "ROUT", 0, 1, 1, 0, 0, 0, 0, 0, 0, 0, 0, 0, 0, 0, 0, 0, 0, 2000, 0, 0.1, 0, 0, 0, 1, 110
  @ START_POINT, 0 : (RAMX+OBV5), (RAMX+OBV5)+zaz+50, 0
  @ LINE_EP, 0 : (RAMX+OBV5), (RAMX+OBV5)+zaz+100, 0, 3, 0, 0, 0, 0, 0
  @ LINE_EP, 0 : (RAMX+OBV5), lpy-f5, 0, 0, 0, 0, 0, 0, 0
  @ LINE_EP, 0 : g5, lpy/2, 0, 0, 0, 0, 0, 0, 0
  @ LINE_EP, 0 : (RAMX+OBV5), f5, 0, 0, 0, 0, 0, 0, 0
  @ LINE_EP, 0 : (RAMX+OBV5), (RAMX+OBV5)+zaz+110, 0, 0, 0, 0, 0, 0, 0
  @ ENDPATH, 0 :  
@ ROUT, 0 : "144", 0, "1", 0, 0, "", 1, 18, -1, 0, 0, 0, 0, 0, 0, 0, 0, 0, 0, 0, 0, 0, 0, 0, 0, 0, 0, 0, 1, 0, 0, 0, 0, 1, 0, 0, 0, 0, 0, 1, 0, -1, 0, 5000, 18000, 0, 8000, "144", 103, 1, 0, 0, 90, 0, 0, 0, 0, 0, 0, 90, 0, 0, 0, 0, 0, 0, 0, 0, 0, 0, "", 0, 0, 0, 0, 0, 0, 0, 0, 0, "", 5, 0, 20, 80, 60, 0, "", "", "ROUT", 0, 1, 1, 0, 0, 0, 0, 0, 0, 0, 0, 0, 0, 0, 0, 0, 0, 2000, 0, 0.1, 0, 0, 0, 1, 110
  @ START_POINT, 0 : (RAMX+OBV4)+zaz+50, (RAMX+OBV4), 0
  @ LINE_EP, 0 : (RAMX+OBV4)+zaz+100, (RAMX+OBV4), 0, 9, 0, 0, 0, 0, 0
  @ LINE_EP, 0 : lpx-z4, (RAMX+OBV4), 0, 0, 0, 0, 0, 0, 0
  @ LINE_EP, 0 : lpx-z4_xl, (RAMX+OBV4)-7, 0, -7, 0, 0, 0, 0, 0
  @ LINE_EP, 0 : lpx-z4, (RAMX+OBV4), 0, 7, 0, 0, 0, 0, 0
  @ LINE_EP, 0 : lpx/2, h4, 0, 0, 0, 0, 0, 0, 0
  @ LINE_EP, 0 : lpx/2, h4_xl, 0, -7, 0, 0, 0, 0, 0
  @ LINE_EP, 0 : lpx/2, h4, 0, 7, 0, 0, 0, 0, 0
  @ LINE_EP, 0 : z4, (RAMX+OBV4), 0, 0, 0, 0, 0, 0, 0
  @ LINE_EP, 0 : z4_xl, (RAMX+OBV4)-7, 0, -7, 0, 0, 0, 0, 0
  @ LINE_EP, 0 : z4, (RAMX+OBV4), 0, 7, 0, 0, 0, 0, 0
  @ LINE_EP, 0 : (RAMX+OBV4)+zaz+110, (RAMX+OBV4), 0, 0, 0, 0, 0, 0, 0
  @ ENDPATH, 0 :  
@ ROUT, 0 : "144", 0, "1", 0, 0, "", 1, 18, -1, 0, 0, 0, 0, 0, 0, 0, 0, 0, 0, 0, 0, 0, 0, 0, 0, 0, 0, 0, 1, 0, 0, 0, 0, 1, 0, 0, 0, 0, 0, 1, 0, -1, 0, 5000, 18000, 0, 8000, "144", 103, 1, 0, 0, 90, 0, 0, 0, 0, 0, 0, 90, 0, 0, 0, 0, 0, 0, 0, 0, 0, 0, "", 0, 0, 0, 0, 0, 0, 0, 0, 0, "", 5, 0, 20, 80, 60, 0, "", "", "ROUT", 0, 1, 1, 0, 0, 0, 0, 0, 0, 0, 0, 0, 0, 0, 0, 0, 0, 2000, 0, 0.1, 0, 0, 0, 1, 110
  @ START_POINT, 0 : (RAMX+OBV6)+zaz+50, (RAMX+OBV6), 0
  @ LINE_EP, 0 : (RAMX+OBV6)+zaz+100, (RAMX+OBV6), 0, 3, 0, 0, 0, 0, 0
  @ LINE_EP, 0 : lpx-z6, (RAMX+OBV6), 0, 0, 0, 0, 0, 0, 0
  @ LINE_EP, 0 : lpx-z6_xl, (RAMX+OBV6)-7, 0, -7, 0, 0, 0, 0, 0
  @ LINE_EP, 0 : lpx-z6, (RAMX+OBV6), 0, 7, 0, 0, 0, 0, 0
  @ LINE_EP, 0 : lpx/2, h6, 0, 0, 0, 0, 0, 0, 0
  @ LINE_EP, 0 : lpx/2, h6_xl, 0, -7, 0, 0, 0, 0, 0
  @ LINE_EP, 0 : lpx/2, h6, 0, 7, 0, 0, 0, 0, 0
  @ LINE_EP, 0 : z6, (RAMX+OBV6), 0, 0, 0, 0, 0, 0, 0
  @ LINE_EP, 0 : z6_xl, (RAMX+OBV6)-7, 0, -7, 0, 0, 0, 0, 0
  @ LINE_EP, 0 : z6, (RAMX+OBV6), 0, 7, 0, 0, 0, 0, 0
  @ LINE_EP, 0 : (RAMX+OBV6)+zaz+110, (RAMX+OBV6), 0, 0, 0, 0, 0, 0, 0
  @ ENDPATH, 0 :  
@ ROUT, 0 : "144", 0, "1", 0, 0, "", 1, 18, -1, 0, 0, 0, 0, 0, 0, 0, 0, 0, 0, 0, 0, 0, 0, 0, 0, 0, 0, 0, 1, 0, 0, 0, 0, 1, 0, 0, 0, 0, 0, 1, 0, -1, 0, 5000, 18000, 0, 8000, "144", 103, 1, 0, 0, 90, 0, 0, 0, 0, 0, 0, 90, 0, 0, 0, 0, 0, 0, 0, 0, 0, 0, "", 0, 0, 0, 0, 0, 0, 0, 0, 0, "", 5, 0, 20, 80, 60, 0, "", "", "ROUT", 0, 1, 1, 0, 0, 0, 0, 0, 0, 0, 0, 0, 0, 0, 0, 0, 0, 2000, 0, 0.1, 0, 0, 0, 1, 110
  @ START_POINT, 0 : (RAMX+OBV4), (RAMX+OBV4)+zaz+50, 0
  @ LINE_EP, 0 : (RAMX+OBV4), (RAMX+OBV4)+zaz+100, 0, 9, 0, 0, 0, 0, 0
  @ LINE_EP, 0 : (RAMX+OBV4), lpy-f4, 0, 0, 0, 0, 0, 0, 0
  @ LINE_EP, 0 : (RAMX+OBV4)-7, lpy-f4_xl, 0, -7, 0, 0, 0, 0, 0
  @ LINE_EP, 0 : (RAMX+OBV4), lpy-f4, 0, 7, 0, 0, 0, 0, 0
  @ LINE_EP, 0 : g4, lpy/2, 0, 0, 0, 0, 0, 0, 0
  @ LINE_EP, 0 : g4_xl, lpy/2, 0, -7, 0, 0, 0, 0, 0
  @ LINE_EP, 0 : g4, lpy/2, 0, 7, 0, 0, 0, 0, 0
  @ LINE_EP, 0 : (RAMX+OBV4), f4, 0, 0, 0, 0, 0, 0, 0
  @ LINE_EP, 0 : (RAMX+OBV4)-7, f4_xl, 0, -7, 0, 0, 0, 0, 0
  @ LINE_EP, 0 : (RAMX+OBV4), f4, 0, 7, 0, 0, 0, 0, 0
  @ LINE_EP, 0 : (RAMX+OBV4), (RAMX+OBV4)+zaz+110, 0, 0, 0, 0, 0, 0, 0
  @ ENDPATH, 0 :  
@ ROUT, 0 : "144", 0, "1", 0, 0, "", 1, 18, -1, 0, 0, 0, 0, 0, 0, 0, 0, 0, 0, 0, 0, 0, 0, 0, 0, 0, 0, 0, 1, 0, 0, 0, 0, 1, 0, 0, 0, 0, 0, 1, 0, -1, 0, 5000, 18000, 0, 8000, "144", 103, 1, 0, 0, 90, 0, 0, 0, 0, 0, 0, 90, 0, 0, 0, 0, 0, 0, 0, 0, 0, 0, "", 0, 0, 0, 0, 0, 0, 0, 0, 0, "", 5, 0, 20, 80, 60, 0, "", "", "ROUT", 0, 1, 1, 0, 0, 0, 0, 0, 0, 0, 0, 0, 0, 0, 0, 0, 0, 2000, 0, 0.1, 0, 0, 0, 1, 110
  @ START_POINT, 0 : (RAMX+OBV6), (RAMX+OBV6)+zaz+50, 0
  @ LINE_EP, 0 : (RAMX+OBV6), (RAMX+OBV6)+zaz+100, 0, 3, 0, 0, 0, 0, 0
  @ LINE_EP, 0 : (RAMX+OBV6), lpy-f6, 0, 0, 0, 0, 0, 0, 0
  @ LINE_EP, 0 : (RAMX+OBV6)-7, lpy-f6_xl, 0, -7, 0, 0, 0, 0, 0
  @ LINE_EP, 0 : (RAMX+OBV6), lpy-f6, 0, 7, 0, 0, 0, 0, 0
  @ LINE_EP, 0 : g6, lpy/2, 0, 0, 0, 0, 0, 0, 0
  @ LINE_EP, 0 : g6_xl, lpy/2, 0, -7, 0, 0, 0, 0, 0
  @ LINE_EP, 0 : g6, lpy/2, 0, 7, 0, 0, 0, 0, 0
  @ LINE_EP, 0 : (RAMX+OBV6), f6, 0, 0, 0, 0, 0, 0, 0
  @ LINE_EP, 0 : (RAMX+OBV6)-7, f6_xl, 0, -7, 0, 0, 0, 0, 0
  @ LINE_EP, 0 : (RAMX+OBV6), f6, 0, 7, 0, 0, 0, 0, 0
  @ LINE_EP, 0 : (RAMX+OBV6), (RAMX+OBV6)+zaz+110, 0, 0, 0, 0, 0, 0, 0
  @ ENDPATH, 0 :  
@ ROUT, 0 : "132", 0, "1", 0, 0, "", 1, 18, -1, 0, 0, 0, 0, 0, 0, 0, 0, 0, 0, 0, 0, 0, 0, 0, 0, 0, 0, 0, 1, 0, 0, 0, 0, 1, 0, 0, 0, 0, 0, 1, 0, -1, 0, 5000, 18000, 0, 8000, "132", 103, 1, 0, 0, 90, 0, 0, 0, 0, 0, 0, 90, 0, 0, 0, 0, 0, 0, 0, 0, 0, 0, "", 0, 0, 0, 0, 0, 0, 0, 0, 0, "", 5, 0, 20, 80, 60, 0, "", "", "ROUT", 0, 1, 1, 0, 0, 0, 0, 0, 0, 0, 0, 0, 0, 0, 0, 0, 0, 2000, 0, 0.1, 0, 0, 0, 1, 110
  @ START_POINT, 0 : (RAMX+OBV8)+zaz+50, (RAMX+OBV8), 0
  @ LINE_EP, 0 : (RAMX+OBV8)+zaz+100, (RAMX+OBV8), 0, 15.2, 0, 0, 0, 0, 0
  @ LINE_EP, 0 : lpx-z8, (RAMX+OBV8), 0, 0, 0, 0, 0, 0, 0
  @ CONNECTOR, 0 : VRAD, 0, 0, 0, 0, 0, 0
  @ LINE_EP, 0 : lpx/2, h8, 0, 0, 0, 0, 0, 0, 0
  @ LINE_EP, 0 : z8, (RAMX+OBV8), 0, 0, 0, 0, 0, 0, 0
  @ CONNECTOR, 0 : VRAD, 0, 0, 0, 0, 0, 0
  @ LINE_EP, 0 : (RAMX+OBV8)+zaz+110, (RAMX+OBV8), 0, 0, 0, 0, 0, 0, 0
  @ ENDPATH, 0 :  
@ ROUT, 0 : "132", 0, "1", 0, 0, "", 1, 18, -1, 0, 0, 0, 0, 0, 0, 0, 0, 0, 0, 0, 0, 0, 0, 0, 0, 0, 0, 0, 1, 0, 0, 0, 0, 1, 0, 0, 0, 0, 0, 1, 0, -1, 0, 5000, 18000, 0, 8000, "132", 103, 1, 0, 0, 90, 0, 0, 0, 0, 0, 0, 90, 0, 0, 0, 0, 0, 0, 0, 0, 0, 0, "", 0, 0, 0, 0, 0, 0, 0, 0, 0, "", 5, 0, 20, 80, 60, 0, "", "", "ROUT", 0, 1, 1, 0, 0, 0, 0, 0, 0, 0, 0, 0, 0, 0, 0, 0, 0, 2000, 0, 0.1, 0, 0, 0, 1, 110
  @ START_POINT, 0 : (RAMX+OBV8), (RAMX+OBV8)+zaz+50, 0
  @ LINE_EP, 0 : (RAMX+OBV8), (RAMX+OBV8)+zaz+100, 0, 15.2, 0, 0, 0, 0, 0
  @ LINE_EP, 0 : (RAMX+OBV8), lpy-f8, 0, 0, 0, 0, 0, 0, 0
  @ CONNECTOR, 0 : VRAD, 0, 0, 0, 0, 0, 0
  @ LINE_EP, 0 : g8, lpy/2, 0, 0, 0, 0, 0, 0, 0
  @ LINE_EP, 0 : (RAMX+OBV8), f8, 0, 0, 0, 0, 0, 0, 0
  @ CONNECTOR, 0 : VRAD, 0, 0, 0, 0, 0, 0
  @ LINE_EP, 0 : (RAMX+OBV8), (RAMX+OBV8)+zaz+110, 0, 0, 0, 0, 0, 0, 0
  @ ENDPATH, 0 :
  