@ ROUT, 0 : "157", 0, "1", 0, 0, "", 1, 18, -1, 0, 0, 0, 0, 0, 0, 0, 0, 0, 0, 0, 0, 0, 0, 0, 0, 0, 0, 0, 1, 0, 0, 0, 0, 1, 0, 0, 0, 0, 0, 1, 0, -1, 0, 5000, 18000, 0, 8000, "157", 103, 1, 0, 0, 90, 0, 0, 0, 0, 0, 0, 90, 0, 0, 0, 0, 0, 0, 0, 0, 0, 0, "", 0, 0, 0, 0, 0, 0, 0, 0, 0, "", 5, 0, 20, 80, 60, 0, "", "", "ROUT", 0, 1, 1, 0, 0, 0, 0, 0, 0, 0, 0, 0, 0, 0, 0, 0, 0, 2000, 0, 0.1, 0, 0, 0, 1, 110
  @ START_POINT, 0 : (RAMX+OBV0)+zaz+50, (RAMX+OBV0), 0
  @ LINE_EP, 0 : (RAMX+OBV0)+zaz+100, (RAMX+OBV0), 0, 9, 0, 0, 0, 0, 0
  @ LINE_EP, 0 : lpx-(RAMX+OBV0)-zaz, (RAMX+OBV0), 0, 0, 0, 0, 0, 0, 0
  @ LINE_EP, 0 : lpx/2, (RAMX+OBV0)+y1, 0, 0, 0, 0, 0, 0, 0
  @ LINE_EP, 0 : (RAMX+OBV0)+zaz, (RAMX+OBV0), 0, 0, 0, 0, 0, 0, 0
  @ LINE_EP, 0 : (RAMX+OBV0)+zaz+110, (RAMX+OBV0), 0, 0, 0, 0, 0, 0, 0
  @ ENDPATH, 0 :
  
@ ROUT, 0 : "157", 0, "1", 0, 0, "", 1, 18, -1, 0, 0, 0, 0, 0, 0, 0, 0, 0, 0, 0, 0, 0, 0, 0, 0, 0, 0, 0, 1, 0, 0, 0, 0, 1, 0, 0, 0, 0, 0, 1, 0, -1, 0, 5000, 18000, 0, 8000, "157", 103, 1, 0, 0, 90, 0, 0, 0, 0, 0, 0, 90, 0, 0, 0, 0, 0, 0, 0, 0, 0, 0, "", 0, 0, 0, 0, 0, 0, 0, 0, 0, "", 5, 0, 20, 80, 60, 0, "", "", "ROUT", 0, 1, 1, 0, 0, 0, 0, 0, 0, 0, 0, 0, 0, 0, 0, 0, 0, 2000, 0, 0.1, 0, 0, 0, 1, 110
  @ START_POINT, 0 : (RAMX+OBV0)+zaz+50, lpy-(RAMX+OBV0), 0
  @ LINE_EP, 0 : (RAMX+OBV0)+zaz+100, lpy-(RAMX+OBV0), 0, 9, 0, 0, 0, 0, 0
  @ LINE_EP, 0 : lpx-(RAMX+OBV0)-zaz, lpy-(RAMX+OBV0), 0, 0, 0, 0, 0, 0, 0
  @ LINE_EP, 0 : lpx/2, lpy-(RAMX+OBV0)-y1, 0, 0, 0, 0, 0, 0, 0
  @ LINE_EP, 0 : (RAMX+OBV0)+zaz, lpy-(RAMX+OBV0), 0, 0, 0, 0, 0, 0, 0
  @ LINE_EP, 0 : (RAMX+OBV0)+zaz+110, lpy-(RAMX+OBV0), 0, 0, 0, 0, 0, 0, 0
  @ ENDPATH, 0 :

@ ROUT, 0 : "157", 0, "1", 0, 0, "", 1, 18, -1, 0, 0, 0, 0, 0, 0, 0, 0, 0, 0, 0, 0, 0, 0, 0, 0, 0, 0, 0, 1, 0, 0, 0, 0, 1, 0, 0, 0, 0, 0, 1, 0, -1, 0, 5000, 18000, 0, 8000, "157", 103, 1, 0, 0, 90, 0, 0, 0, 0, 0, 0, 90, 0, 0, 0, 0, 0, 0, 0, 0, 0, 0, "", 0, 0, 0, 0, 0, 0, 0, 0, 0, "", 5, 0, 20, 80, 60, 0, "", "", "ROUT", 0, 1, 1, 0, 0, 0, 0, 0, 0, 0, 0, 0, 0, 0, 0, 0, 0, 2000, 0, 0.1, 0, 0, 0, 1, 110
  @ START_POINT, 0 : (RAMX+OBV0), (RAMX+OBV0)+zaz+50, 0
  @ LINE_EP, 0 : (RAMX+OBV0), (RAMX+OBV0)+zaz+100, 0, 9, 0, 0, 0, 0, 0
  @ LINE_EP, 0 : (RAMX+OBV0), lpy-(RAMX+OBV0)-zaz, 0, 0, 0, 0, 0, 0, 0
  @ LINE_EP, 0 : (RAMX+OBV0)+x1, lpy/2, 0, 0, 0, 0, 0, 0, 0
  @ LINE_EP, 0 : (RAMX+OBV0), (RAMX+OBV0)+zaz, 0, 0, 0, 0, 0, 0, 0
  @ LINE_EP, 0 : (RAMX+OBV0), (RAMX+OBV0)+zaz+110, 0, 0, 0, 0, 0, 0, 0
  @ ENDPATH, 0 :
  
@ ROUT, 0 : "157", 0, "1", 0, 0, "", 1, 18, -1, 0, 0, 0, 0, 0, 0, 0, 0, 0, 0, 0, 0, 0, 0, 0, 0, 0, 0, 0, 1, 0, 0, 0, 0, 1, 0, 0, 0, 0, 0, 1, 0, -1, 0, 5000, 18000, 0, 8000, "157", 103, 1, 0, 0, 90, 0, 0, 0, 0, 0, 0, 90, 0, 0, 0, 0, 0, 0, 0, 0, 0, 0, "", 0, 0, 0, 0, 0, 0, 0, 0, 0, "", 5, 0, 20, 80, 60, 0, "", "", "ROUT", 0, 1, 1, 0, 0, 0, 0, 0, 0, 0, 0, 0, 0, 0, 0, 0, 0, 2000, 0, 0.1, 0, 0, 0, 1, 110
  @ START_POINT, 0 : lpx-(RAMX+OBV0), (RAMX+OBV0)+zaz+50, 0
  @ LINE_EP, 0 : lpx-(RAMX+OBV0), (RAMX+OBV0)+zaz+100, 0, 9, 0, 0, 0, 0, 0
  @ LINE_EP, 0 : lpx-(RAMX+OBV0), lpy-(RAMX+OBV0)-zaz, 0, 0, 0, 0, 0, 0, 0
  @ LINE_EP, 0 : lpx-(RAMX+OBV0)-x1, lpy/2, 0, 0, 0, 0, 0, 0, 0
  @ LINE_EP, 0 : lpx-(RAMX+OBV0), (RAMX+OBV0)+zaz, 0, 0, 0, 0, 0, 0, 0
  @ LINE_EP, 0 : lpx-(RAMX+OBV0), (RAMX+OBV0)+zaz+110, 0, 0, 0, 0, 0, 0, 0
  @ ENDPATH, 0 :
  
@ ROUT, 0 : "157", 0, "1", 0, 0, "", 1, 18, -1, 0, 0, 0, 0, 0, 0, 0, 0, 0, 0, 0, 0, 0, 0, 0, 0, 0, 0, 0, 1, 0, 0, 0, 0, 1, 0, 0, 0, 0, 0, 1, 0, -1, 0, 5000, 18000, 0, 8000, "157", 103, 1, 0, 0, 90, 0, 0, 0, 0, 0, 0, 90, 0, 0, 0, 0, 0, 0, 0, 0, 0, 0, "", 0, 0, 0, 0, 0, 0, 0, 0, 0, "", 5, 0, 20, 80, 60, 0, "", "", "ROUT", 0, 1, 1, 0, 0, 0, 0, 0, 0, 0, 0, 0, 0, 0, 0, 0, 0, 2000, 0, 0.1, 0, 0, 0, 1, 110
  @ START_POINT, 0 : (RAMX+OBV1)+zaz+50, (RAMX+OBV1), 0
  @ LINE_EP, 0 : (RAMX+OBV1)+zaz+100, (RAMX+OBV1), 0, 9, 0, 0, 0, 0, 0
  @ LINE_EP, 0 : lpx-(RAMX+OBV0)-zaz+z1, (RAMX+OBV1), 0, 0, 0, 0, 0, 0, 0
  @ LINE_EP, 0 : lpx/2, (RAMX+OBV1)+h1, 0, 0, 0, 0, 0, 0, 0
  @ LINE_EP, 0 : (RAMX+OBV0)+zaz-z1, (RAMX+OBV1), 0, 0, 0, 0, 0, 0, 0
  @ LINE_EP, 0 : (RAMX+OBV1)+zaz+110, (RAMX+OBV1), 0, 0, 0, 0, 0, 0, 0
  @ ENDPATH, 0 :
  
@ ROUT, 0 : "157", 0, "1", 0, 0, "", 1, 18, -1, 0, 0, 0, 0, 0, 0, 0, 0, 0, 0, 0, 0, 0, 0, 0, 0, 0, 0, 0, 1, 0, 0, 0, 0, 1, 0, 0, 0, 0, 0, 1, 0, -1, 0, 5000, 18000, 0, 8000, "157", 103, 1, 0, 0, 90, 0, 0, 0, 0, 0, 0, 90, 0, 0, 0, 0, 0, 0, 0, 0, 0, 0, "", 0, 0, 0, 0, 0, 0, 0, 0, 0, "", 5, 0, 20, 80, 60, 0, "", "", "ROUT", 0, 1, 1, 0, 0, 0, 0, 0, 0, 0, 0, 0, 0, 0, 0, 0, 0, 2000, 0, 0.1, 0, 0, 0, 1, 110
  @ START_POINT, 0 : (RAMX+OBV1)+zaz+50, lpy-(RAMX+OBV1), 0
  @ LINE_EP, 0 : (RAMX+OBV1)+zaz+100, lpy-(RAMX+OBV1), 0, 9, 0, 0, 0, 0, 0
  @ LINE_EP, 0 : lpx-(RAMX+OBV0)-zaz+z1, lpy-(RAMX+OBV1), 0, 0, 0, 0, 0, 0, 0
  @ LINE_EP, 0 : lpx/2, lpy-(RAMX+OBV1)-h1, 0, 0, 0, 0, 0, 0, 0
  @ LINE_EP, 0 : (RAMX+OBV0)+zaz-z1, lpy-(RAMX+OBV1), 0, 0, 0, 0, 0, 0, 0
  @ LINE_EP, 0 : (RAMX+OBV1)+zaz+110, lpy-(RAMX+OBV1), 0, 0, 0, 0, 0, 0, 0
  @ ENDPATH, 0 :

@ ROUT, 0 : "157", 0, "1", 0, 0, "", 1, 18, -1, 0, 0, 0, 0, 0, 0, 0, 0, 0, 0, 0, 0, 0, 0, 0, 0, 0, 0, 0, 1, 0, 0, 0, 0, 1, 0, 0, 0, 0, 0, 1, 0, -1, 0, 5000, 18000, 0, 8000, "157", 103, 1, 0, 0, 90, 0, 0, 0, 0, 0, 0, 90, 0, 0, 0, 0, 0, 0, 0, 0, 0, 0, "", 0, 0, 0, 0, 0, 0, 0, 0, 0, "", 5, 0, 20, 80, 60, 0, "", "", "ROUT", 0, 1, 1, 0, 0, 0, 0, 0, 0, 0, 0, 0, 0, 0, 0, 0, 0, 2000, 0, 0.1, 0, 0, 0, 1, 110
  @ START_POINT, 0 : (RAMX+OBV1), (RAMX+OBV1)+zaz+50, 0
  @ LINE_EP, 0 : (RAMX+OBV1), (RAMX+OBV1)+zaz+100, 0, 9, 0, 0, 0, 0, 0
  @ LINE_EP, 0 : (RAMX+OBV1), lpy-(RAMX+OBV0)-zaz+z1, 0, 0, 0, 0, 0, 0, 0
  @ LINE_EP, 0 : (RAMX+OBV1)+h1, lpy/2, 0, 0, 0, 0, 0, 0, 0
  @ LINE_EP, 0 : (RAMX+OBV1), (RAMX+OBV0)+zaz-z1, 0, 0, 0, 0, 0, 0, 0
  @ LINE_EP, 0 : (RAMX+OBV1), (RAMX+OBV1)+zaz+110, 0, 0, 0, 0, 0, 0, 0
  @ ENDPATH, 0 :

@ ROUT, 0 : "157", 0, "1", 0, 0, "", 1, 18, -1, 0, 0, 0, 0, 0, 0, 0, 0, 0, 0, 0, 0, 0, 0, 0, 0, 0, 0, 0, 1, 0, 0, 0, 0, 1, 0, 0, 0, 0, 0, 1, 0, -1, 0, 5000, 18000, 0, 8000, "157", 103, 1, 0, 0, 90, 0, 0, 0, 0, 0, 0, 90, 0, 0, 0, 0, 0, 0, 0, 0, 0, 0, "", 0, 0, 0, 0, 0, 0, 0, 0, 0, "", 5, 0, 20, 80, 60, 0, "", "", "ROUT", 0, 1, 1, 0, 0, 0, 0, 0, 0, 0, 0, 0, 0, 0, 0, 0, 0, 2000, 0, 0.1, 0, 0, 0, 1, 110
  @ START_POINT, 0 : lpx-(RAMX+OBV1), (RAMX+OBV1)+zaz+50, 0
  @ LINE_EP, 0 : lpx-(RAMX+OBV1), (RAMX+OBV1)+zaz+100, 0, 9, 0, 0, 0, 0, 0
  @ LINE_EP, 0 : lpx-(RAMX+OBV1), lpy-(RAMX+OBV0)-zaz+z1, 0, 0, 0, 0, 0, 0, 0
  @ LINE_EP, 0 : lpx-(RAMX+OBV1)-h1, lpy/2, 0, 0, 0, 0, 0, 0, 0
  @ LINE_EP, 0 : lpx-(RAMX+OBV1), (RAMX+OBV0)+zaz-z1, 0, 0, 0, 0, 0, 0, 0
  @ LINE_EP, 0 : lpx-(RAMX+OBV1), (RAMX+OBV1)+zaz+110, 0, 0, 0, 0, 0, 0, 0
  @ ENDPATH, 0 :  

@ ROUT, 0 : "150", 0, "1", 0, 0, "", 1, 18, -1, 0, 0, 0, 0, 0, 0, 0, 0, 0, 0, 0, 0, 0, 0, 0, 0, 0, 0, 0, 1, 0, 0, 0, 0, 1, 0, 0, 0, 0, 0, 1, 0, -1, 0, 5000, 18000, 0, 8000, "150", 103, 1, 0, 0, 90, 0, 0, 0, 0, 0, 0, 90, 0, 0, 0, 0, 0, 0, 0, 0, 0, 0, "", 0, 0, 0, 0, 0, 0, 0, 0, 0, "", 5, 0, 20, 80, 60, 0, "", "", "ROUT", 0, 1, 1, 0, 0, 0, 0, 0, 0, 0, 0, 0, 0, 0, 0, 0, 0, 2000, 0, 0.1, 0, 0, 0, 1, 110
  @ START_POINT, 0 : (RAMX+OBV3)+zaz+50, (RAMX+OBV3), 0
  @ LINE_EP, 0 : (RAMX+OBV3)+zaz+100, (RAMX+OBV3), 0, 9, 0, 0, 0, 0, 0
  @ LINE_EP, 0 : lpx-(RAMX+OBV0)-zaz+z3, (RAMX+OBV3), 0, 0, 0, 0, 0, 0, 0
  @ LINE_EP, 0 : lpx/2, (RAMX+OBV3)+h3, 0, 0, 0, 0, 0, 0, 0
  @ LINE_EP, 0 : (RAMX+OBV0)+zaz-z3, (RAMX+OBV3), 0, 0, 0, 0, 0, 0, 0
  @ LINE_EP, 0 : (RAMX+OBV3)+zaz+110, (RAMX+OBV3), 0, 0, 0, 0, 0, 0, 0
  @ ENDPATH, 0 : 

@ ROUT, 0 : "150", 0, "1", 0, 0, "", 1, 18, -1, 0, 0, 0, 0, 0, 0, 0, 0, 0, 0, 0, 0, 0, 0, 0, 0, 0, 0, 0, 1, 0, 0, 0, 0, 1, 0, 0, 0, 0, 0, 1, 0, -1, 0, 5000, 18000, 0, 8000, "150", 103, 1, 0, 0, 90, 0, 0, 0, 0, 0, 0, 90, 0, 0, 0, 0, 0, 0, 0, 0, 0, 0, "", 0, 0, 0, 0, 0, 0, 0, 0, 0, "", 5, 0, 20, 80, 60, 0, "", "", "ROUT", 0, 1, 1, 0, 0, 0, 0, 0, 0, 0, 0, 0, 0, 0, 0, 0, 0, 2000, 0, 0.1, 0, 0, 0, 1, 110
  @ START_POINT, 0 : (RAMX+OBV5)+zaz+50, (RAMX+OBV5), 0
  @ LINE_EP, 0 : (RAMX+OBV5)+zaz+100, (RAMX+OBV5), 0, T_3, 0, 0, 0, 0, 0
  @ LINE_EP, 0 : lpx-(RAMX+OBV0)-zaz+z5, (RAMX+OBV5), 0, 0, 0, 0, 0, 0, 0
  @ LINE_EP, 0 : lpx/2, (RAMX+OBV5)+h5, 0, 0, 0, 0, 0, 0, 0
  @ LINE_EP, 0 : (RAMX+OBV0)+zaz-z5, (RAMX+OBV5), 0, 0, 0, 0, 0, 0, 0
  @ LINE_EP, 0 : (RAMX+OBV5)+zaz+110, (RAMX+OBV5), 0, 0, 0, 0, 0, 0, 0
  @ ENDPATH, 0 :

@ ROUT, 0 : "150", 0, "1", 0, 0, "", 1, 18, -1, 0, 0, 0, 0, 0, 0, 0, 0, 0, 0, 0, 0, 0, 0, 0, 0, 0, 0, 0, 1, 0, 0, 0, 0, 1, 0, 0, 0, 0, 0, 1, 0, -1, 0, 5000, 18000, 0, 8000, "150", 103, 1, 0, 0, 90, 0, 0, 0, 0, 0, 0, 90, 0, 0, 0, 0, 0, 0, 0, 0, 0, 0, "", 0, 0, 0, 0, 0, 0, 0, 0, 0, "", 5, 0, 20, 80, 60, 0, "", "", "ROUT", 0, 1, 1, 0, 0, 0, 0, 0, 0, 0, 0, 0, 0, 0, 0, 0, 0, 2000, 0, 0.1, 0, 0, 0, 1, 110
  @ START_POINT, 0 : (RAMX+OBV3)+zaz+50, lpy-(RAMX+OBV3), 0
  @ LINE_EP, 0 : (RAMX+OBV3)+zaz+100, lpy-(RAMX+OBV3), 0, 9, 0, 0, 0, 0, 0
  @ LINE_EP, 0 : lpx-(RAMX+OBV0)-zaz+z3, lpy-(RAMX+OBV3), 0, 0, 0, 0, 0, 0, 0
  @ LINE_EP, 0 : lpx/2, lpy-(RAMX+OBV3)-h3, 0, 0, 0, 0, 0, 0, 0
  @ LINE_EP, 0 : (RAMX+OBV0)+zaz-z3, lpy-(RAMX+OBV3), 0, 0, 0, 0, 0, 0, 0
  @ LINE_EP, 0 : (RAMX+OBV3)+zaz+110, lpy-(RAMX+OBV3), 0, 0, 0, 0, 0, 0, 0
  @ ENDPATH, 0 :
  
@ ROUT, 0 : "150", 0, "1", 0, 0, "", 1, 18, -1, 0, 0, 0, 0, 0, 0, 0, 0, 0, 0, 0, 0, 0, 0, 0, 0, 0, 0, 0, 1, 0, 0, 0, 0, 1, 0, 0, 0, 0, 0, 1, 0, -1, 0, 5000, 18000, 0, 8000, "150", 103, 1, 0, 0, 90, 0, 0, 0, 0, 0, 0, 90, 0, 0, 0, 0, 0, 0, 0, 0, 0, 0, "", 0, 0, 0, 0, 0, 0, 0, 0, 0, "", 5, 0, 20, 80, 60, 0, "", "", "ROUT", 0, 1, 1, 0, 0, 0, 0, 0, 0, 0, 0, 0, 0, 0, 0, 0, 0, 2000, 0, 0.1, 0, 0, 0, 1, 110
  @ START_POINT, 0 : (RAMX+OBV5)+zaz+50, lpy-(RAMX+OBV5), 0
  @ LINE_EP, 0 : (RAMX+OBV5)+zaz+100, lpy-(RAMX+OBV5), 0, T_3, 0, 0, 0, 0, 0
  @ LINE_EP, 0 : lpx-(RAMX+OBV0)-zaz+z5, lpy-(RAMX+OBV5), 0, 0, 0, 0, 0, 0, 0
  @ LINE_EP, 0 : lpx/2, lpy-(RAMX+OBV5)-h5, 0, 0, 0, 0, 0, 0, 0
  @ LINE_EP, 0 : (RAMX+OBV0)+zaz-z5, lpy-(RAMX+OBV5), 0, 0, 0, 0, 0, 0, 0
  @ LINE_EP, 0 : (RAMX+OBV5)+zaz+110, lpy-(RAMX+OBV5), 0, 0, 0, 0, 0, 0, 0
  @ ENDPATH, 0 :
  
@ ROUT, 0 : "150", 0, "1", 0, 0, "", 1, 18, -1, 0, 0, 0, 0, 0, 0, 0, 0, 0, 0, 0, 0, 0, 0, 0, 0, 0, 0, 0, 1, 0, 0, 0, 0, 1, 0, 0, 0, 0, 0, 1, 0, -1, 0, 5000, 18000, 0, 8000, "150", 103, 1, 0, 0, 90, 0, 0, 0, 0, 0, 0, 90, 0, 0, 0, 0, 0, 0, 0, 0, 0, 0, "", 0, 0, 0, 0, 0, 0, 0, 0, 0, "", 5, 0, 20, 80, 60, 0, "", "", "ROUT", 0, 1, 1, 0, 0, 0, 0, 0, 0, 0, 0, 0, 0, 0, 0, 0, 0, 2000, 0, 0.1, 0, 0, 0, 1, 110
  @ START_POINT, 0 : (RAMX+OBV3), (RAMX+OBV3)+zaz+50, 0
  @ LINE_EP, 0 : (RAMX+OBV3), (RAMX+OBV3)+zaz+100, 0, 9, 0, 0, 0, 0, 0
  @ LINE_EP, 0 : (RAMX+OBV3), lpy-(RAMX+OBV0)-zaz+z3_xl, 0, 0, 0, 0, 0, 0, 0
  @ LINE_EP, 0 : (RAMX+OBV3)+h3_xl, lpy/2, 0, 0, 0, 0, 0, 0, 0
  @ LINE_EP, 0 : (RAMX+OBV3), (RAMX+OBV0)+zaz-z3_xl, 0, 0, 0, 0, 0, 0, 0
  @ LINE_EP, 0 : (RAMX+OBV3), (RAMX+OBV3)+zaz+110, 0, 0, 0, 0, 0, 0, 0
  @ ENDPATH, 0 :
  
@ ROUT, 0 : "150", 0, "1", 0, 0, "", 1, 18, -1, 0, 0, 0, 0, 0, 0, 0, 0, 0, 0, 0, 0, 0, 0, 0, 0, 0, 0, 0, 1, 0, 0, 0, 0, 1, 0, 0, 0, 0, 0, 1, 0, -1, 0, 5000, 18000, 0, 8000, "150", 103, 1, 0, 0, 90, 0, 0, 0, 0, 0, 0, 90, 0, 0, 0, 0, 0, 0, 0, 0, 0, 0, "", 0, 0, 0, 0, 0, 0, 0, 0, 0, "", 5, 0, 20, 80, 60, 0, "", "", "ROUT", 0, 1, 1, 0, 0, 0, 0, 0, 0, 0, 0, 0, 0, 0, 0, 0, 0, 2000, 0, 0.1, 0, 0, 0, 1, 110
  @ START_POINT, 0 : (RAMX+OBV5), (RAMX+OBV5)+zaz+50, 0
  @ LINE_EP, 0 : (RAMX+OBV5), (RAMX+OBV5)+zaz+100, 0, T_3, 0, 0, 0, 0, 0
  @ LINE_EP, 0 : (RAMX+OBV5), lpy-(RAMX+OBV0)-zaz+z5_xl, 0, 0, 0, 0, 0, 0, 0
  @ LINE_EP, 0 : (RAMX+OBV5)+h5_xl, lpy/2, 0, 0, 0, 0, 0, 0, 0
  @ LINE_EP, 0 : (RAMX+OBV5), (RAMX+OBV0)+zaz-z5_xl, 0, 0, 0, 0, 0, 0, 0
  @ LINE_EP, 0 : (RAMX+OBV5), (RAMX+OBV5)+zaz+110, 0, 0, 0, 0, 0, 0, 0
  @ ENDPATH, 0 :
  
@ ROUT, 0 : "150", 0, "1", 0, 0, "", 1, 18, -1, 0, 0, 0, 0, 0, 0, 0, 0, 0, 0, 0, 0, 0, 0, 0, 0, 0, 0, 0, 1, 0, 0, 0, 0, 1, 0, 0, 0, 0, 0, 1, 0, -1, 0, 5000, 18000, 0, 8000, "150", 103, 1, 0, 0, 90, 0, 0, 0, 0, 0, 0, 90, 0, 0, 0, 0, 0, 0, 0, 0, 0, 0, "", 0, 0, 0, 0, 0, 0, 0, 0, 0, "", 5, 0, 20, 80, 60, 0, "", "", "ROUT", 0, 1, 1, 0, 0, 0, 0, 0, 0, 0, 0, 0, 0, 0, 0, 0, 0, 2000, 0, 0.1, 0, 0, 0, 1, 110
  @ START_POINT, 0 : lpx-(RAMX+OBV3), (RAMX+OBV3)+zaz+50, 0
  @ LINE_EP, 0 : lpx-(RAMX+OBV3), (RAMX+OBV3)+zaz+100, 0, 9, 0, 0, 0, 0, 0
  @ LINE_EP, 0 : lpx-(RAMX+OBV3), lpy-(RAMX+OBV0)-zaz+z3_xl, 0, 0, 0, 0, 0, 0, 0
  @ LINE_EP, 0 : lpx-(RAMX+OBV3)-h3_xl, lpy/2, 0, 0, 0, 0, 0, 0, 0
  @ LINE_EP, 0 : lpx-(RAMX+OBV3), (RAMX+OBV0)+zaz-z3_xl, 0, 0, 0, 0, 0, 0, 0
  @ LINE_EP, 0 : lpx-(RAMX+OBV3), (RAMX+OBV3)+zaz+110, 0, 0, 0, 0, 0, 0, 0
  @ ENDPATH, 0 :
  
@ ROUT, 0 : "150", 0, "1", 0, 0, "", 1, 18, -1, 0, 0, 0, 0, 0, 0, 0, 0, 0, 0, 0, 0, 0, 0, 0, 0, 0, 0, 0, 1, 0, 0, 0, 0, 1, 0, 0, 0, 0, 0, 1, 0, -1, 0, 5000, 18000, 0, 8000, "150", 103, 1, 0, 0, 90, 0, 0, 0, 0, 0, 0, 90, 0, 0, 0, 0, 0, 0, 0, 0, 0, 0, "", 0, 0, 0, 0, 0, 0, 0, 0, 0, "", 5, 0, 20, 80, 60, 0, "", "", "ROUT", 0, 1, 1, 0, 0, 0, 0, 0, 0, 0, 0, 0, 0, 0, 0, 0, 0, 2000, 0, 0.1, 0, 0, 0, 1, 110
  @ START_POINT, 0 : lpx-(RAMX+OBV5), (RAMX+OBV5)+zaz+50, 0
  @ LINE_EP, 0 : lpx-(RAMX+OBV5), (RAMX+OBV5)+zaz+100, 0, T_3, 0, 0, 0, 0, 0
  @ LINE_EP, 0 : lpx-(RAMX+OBV5), lpy-(RAMX+OBV0)-zaz+z5_xl, 0, 0, 0, 0, 0, 0, 0
  @ LINE_EP, 0 : lpx-(RAMX+OBV5)-h5_xl, lpy/2, 0, 0, 0, 0, 0, 0, 0
  @ LINE_EP, 0 : lpx-(RAMX+OBV5), (RAMX+OBV0)+zaz-z5_xl, 0, 0, 0, 0, 0, 0, 0
  @ LINE_EP, 0 : lpx-(RAMX+OBV5), (RAMX+OBV5)+zaz+110, 0, 0, 0, 0, 0, 0, 0
  @ ENDPATH, 0 :
  

@ ROUT, 0 : "144", 0, "1", 0, 0, "", 1, 18, -1, 0, 0, 0, 0, 0, 0, 0, 0, 0, 0, 0, 0, 0, 0, 0, 0, 0, 0, 0, 1, 0, 0, 0, 0, 1, 0, 0, 0, 0, 0, 1, 0, -1, 0, 5000, 18000, 0, 8000, "144", 103, 1, 0, 0, 90, 0, 0, 0, 0, 0, 0, 90, 0, 0, 0, 0, 0, 0, 0, 0, 0, 0, "", 0, 0, 0, 0, 0, 0, 0, 0, 0, "", 5, 0, 20, 80, 60, 0, "", "", "ROUT", 0, 1, 1, 0, 0, 0, 0, 0, 0, 0, 0, 0, 0, 0, 0, 0, 0, 2000, 0, 0.1, 0, 0, 0, 1, 110
  @ START_POINT, 0 : (RAMX+OBV4)+zaz+50, (RAMX+OBV4), 0
  @ LINE_EP, 0 : (RAMX+OBV4)+zaz+100, (RAMX+OBV4), 0, 9, 0, 0, 0, 0, 0
  @ LINE_EP, 0 : lpx-(RAMX+OBV0)-zaz+z4, (RAMX+OBV4), 0, 0, 0, 0, 0, 0, 0
  @ LINE_EP, 0 : lpx-(RAMX+OBV0)-zaz+z_4, (RAMX+OBV4)-7, 0, -7, 0, 0, 0, 0, 0
  @ LINE_EP, 0 : lpx-(RAMX+OBV0)-zaz+z4, (RAMX+OBV4), 0, 7, 0, 0, 0, 0, 0
  @ LINE_EP, 0 : lpx/2, (RAMX+OBV4)+h4, 0, 0, 0, 0, 0, 0, 0
  @ LINE_EP, 0 : lpx/2, (RAMX+OBV4)-7+h_4, 0, -7, 0, 0, 0, 0, 0
  @ LINE_EP, 0 : lpx/2, (RAMX+OBV4)+h4, 0, 7, 0, 0, 0, 0, 0
  @ LINE_EP, 0 : (RAMX+OBV0)+zaz-z4, (RAMX+OBV4), 0, 0, 0, 0, 0, 0, 0
  @ LINE_EP, 0 : (RAMX+OBV0)+zaz-z_4, (RAMX+OBV4)-7, 0, -7, 0, 0, 0, 0, 0
  @ LINE_EP, 0 : (RAMX+OBV0)+zaz-z4, (RAMX+OBV4), 0, 7, 0, 0, 0, 0, 0
  @ LINE_EP, 0 : (RAMX+OBV4)+zaz+110, (RAMX+OBV4), 0, 0, 0, 0, 0, 0, 0
  @ ENDPATH, 0 : 
  
@ ROUT, 0 : "144", 0, "1", 0, 0, "", 1, 18, -1, 0, 0, 0, 0, 0, 0, 0, 0, 0, 0, 0, 0, 0, 0, 0, 0, 0, 0, 0, 1, 0, 0, 0, 0, 1, 0, 0, 0, 0, 0, 1, 0, -1, 0, 5000, 18000, 0, 8000, "144", 103, 1, 0, 0, 90, 0, 0, 0, 0, 0, 0, 90, 0, 0, 0, 0, 0, 0, 0, 0, 0, 0, "", 0, 0, 0, 0, 0, 0, 0, 0, 0, "", 5, 0, 20, 80, 60, 0, "", "", "ROUT", 0, 1, 1, 0, 0, 0, 0, 0, 0, 0, 0, 0, 0, 0, 0, 0, 0, 2000, 0, 0.1, 0, 0, 0, 1, 110
  @ START_POINT, 0 : (RAMX+OBV6)+zaz+50, (RAMX+OBV6), 0
  @ LINE_EP, 0 : (RAMX+OBV6)+zaz+100, (RAMX+OBV6), 0, T_3, 0, 0, 0, 0, 0
  @ LINE_EP, 0 : lpx-(RAMX+OBV0)-zaz+z6, (RAMX+OBV6), 0, 0, 0, 0, 0, 0, 0
  @ LINE_EP, 0 : lpx-(RAMX+OBV0)-zaz+z_6, (RAMX+OBV6)-4, 0, -4, 0, 0, 0, 0, 0
  @ LINE_EP, 0 : lpx-(RAMX+OBV0)-zaz+z6, (RAMX+OBV6), 0, 4, 0, 0, 0, 0, 0
  @ LINE_EP, 0 : lpx/2, (RAMX+OBV6)+h6, 0, 0, 0, 0, 0, 0, 0
  @ LINE_EP, 0 : lpx/2, (RAMX+OBV6)-4+h_6, 0, -4, 0, 0, 0, 0, 0
  @ LINE_EP, 0 : lpx/2, (RAMX+OBV6)+h6, 0, 4, 0, 0, 0, 0, 0
  @ LINE_EP, 0 : (RAMX+OBV0)+zaz-z6, (RAMX+OBV6), 0, 0, 0, 0, 0, 0, 0
  @ LINE_EP, 0 : (RAMX+OBV0)+zaz-z_6, (RAMX+OBV6)-4, 0, -4, 0, 0, 0, 0, 0
  @ LINE_EP, 0 : (RAMX+OBV0)+zaz-z6, (RAMX+OBV6), 0, 4, 0, 0, 0, 0, 0
  @ LINE_EP, 0 : (RAMX+OBV6)+zaz+110, (RAMX+OBV6), 0, 0, 0, 0, 0, 0, 0
  @ ENDPATH, 0 :
  
@ ROUT, 0 : "144", 0, "1", 0, 0, "", 1, 18, -1, 0, 0, 0, 0, 0, 0, 0, 0, 0, 0, 0, 0, 0, 0, 0, 0, 0, 0, 0, 1, 0, 0, 0, 0, 1, 0, 0, 0, 0, 0, 1, 0, -1, 0, 5000, 18000, 0, 8000, "144", 103, 1, 0, 0, 90, 0, 0, 0, 0, 0, 0, 90, 0, 0, 0, 0, 0, 0, 0, 0, 0, 0, "", 0, 0, 0, 0, 0, 0, 0, 0, 0, "", 5, 0, 20, 80, 60, 0, "", "", "ROUT", 0, 1, 1, 0, 0, 0, 0, 0, 0, 0, 0, 0, 0, 0, 0, 0, 0, 2000, 0, 0.1, 0, 0, 0, 1, 110
  @ START_POINT, 0 : (RAMX+OBV4)+zaz+50, lpy-(RAMX+OBV4), 0
  @ LINE_EP, 0 : (RAMX+OBV4)+zaz+100, lpy-(RAMX+OBV4), 0, 9, 0, 0, 0, 0, 0
  @ LINE_EP, 0 : lpx-(RAMX+OBV0)-zaz+z4, lpy-(RAMX+OBV4), 0, 0, 0, 0, 0, 0, 0
  @ LINE_EP, 0 : lpx-(RAMX+OBV0)-zaz+z_4, lpy-(RAMX+OBV4)+7, 0, -7, 0, 0, 0, 0, 0
  @ LINE_EP, 0 : lpx-(RAMX+OBV0)-zaz+z4, lpy-(RAMX+OBV4), 0, 7, 0, 0, 0, 0, 0
  @ LINE_EP, 0 : lpx/2, lpy-(RAMX+OBV4)-h4, 0, 0, 0, 0, 0, 0, 0
  @ LINE_EP, 0 : lpx/2, lpy-(RAMX+OBV4)+7-h_4, 0, -7, 0, 0, 0, 0, 0
  @ LINE_EP, 0 : lpx/2, lpy-(RAMX+OBV4)-h4, 0, 7, 0, 0, 0, 0, 0
  @ LINE_EP, 0 : (RAMX+OBV0)+zaz-z4, lpy-(RAMX+OBV4), 0, 0, 0, 0, 0, 0, 0
  @ LINE_EP, 0 : (RAMX+OBV0)+zaz-z_4, lpy-(RAMX+OBV4)+7, 0, -7, 0, 0, 0, 0, 0
  @ LINE_EP, 0 : (RAMX+OBV0)+zaz-z4, lpy-(RAMX+OBV4), 0, 7, 0, 0, 0, 0, 0
  @ LINE_EP, 0 : (RAMX+OBV4)+zaz+110, lpy-(RAMX+OBV4), 0, 0, 0, 0, 0, 0, 0
  @ ENDPATH, 0 :
  
@ ROUT, 0 : "144", 0, "1", 0, 0, "", 1, 18, -1, 0, 0, 0, 0, 0, 0, 0, 0, 0, 0, 0, 0, 0, 0, 0, 0, 0, 0, 0, 1, 0, 0, 0, 0, 1, 0, 0, 0, 0, 0, 1, 0, -1, 0, 5000, 18000, 0, 8000, "144", 103, 1, 0, 0, 90, 0, 0, 0, 0, 0, 0, 90, 0, 0, 0, 0, 0, 0, 0, 0, 0, 0, "", 0, 0, 0, 0, 0, 0, 0, 0, 0, "", 5, 0, 20, 80, 60, 0, "", "", "ROUT", 0, 1, 1, 0, 0, 0, 0, 0, 0, 0, 0, 0, 0, 0, 0, 0, 0, 2000, 0, 0.1, 0, 0, 0, 1, 110
  @ START_POINT, 0 : (RAMX+OBV6)+zaz+50, lpy-(RAMX+OBV6), 0
  @ LINE_EP, 0 : (RAMX+OBV6)+zaz+100, lpy-(RAMX+OBV6), 0, T_3, 0, 0, 0, 0, 0
  @ LINE_EP, 0 : lpx-(RAMX+OBV0)-zaz+z6, lpy-(RAMX+OBV6), 0, 0, 0, 0, 0, 0, 0
  @ LINE_EP, 0 : lpx-(RAMX+OBV0)-zaz+z_6, lpy-(RAMX+OBV6)+4, 0, -4, 0, 0, 0, 0, 0
  @ LINE_EP, 0 : lpx-(RAMX+OBV0)-zaz+z6, lpy-(RAMX+OBV6), 0, 4, 0, 0, 0, 0, 0
  @ LINE_EP, 0 : lpx/2, lpy-(RAMX+OBV6)-h6, 0, 0, 0, 0, 0, 0, 0
  @ LINE_EP, 0 : lpx/2, lpy-(RAMX+OBV6)+4-h_6, 0, -4, 0, 0, 0, 0, 0
  @ LINE_EP, 0 : lpx/2, lpy-(RAMX+OBV6)-h6, 0, 4, 0, 0, 0, 0, 0
  @ LINE_EP, 0 : (RAMX+OBV0)+zaz-z6, lpy-(RAMX+OBV6), 0, 0, 0, 0, 0, 0, 0
  @ LINE_EP, 0 : (RAMX+OBV0)+zaz-z_6, lpy-(RAMX+OBV6)+4, 0, -4, 0, 0, 0, 0, 0
  @ LINE_EP, 0 : (RAMX+OBV0)+zaz-z6, lpy-(RAMX+OBV6), 0, 4, 0, 0, 0, 0, 0
  @ LINE_EP, 0 : (RAMX+OBV6)+zaz+110, lpy-(RAMX+OBV6), 0, 0, 0, 0, 0, 0, 0
  @ ENDPATH, 0 :

@ ROUT, 0 : "144", 0, "1", 0, 0, "", 1, 18, -1, 0, 0, 0, 0, 0, 0, 0, 0, 0, 0, 0, 0, 0, 0, 0, 0, 0, 0, 0, 1, 0, 0, 0, 0, 1, 0, 0, 0, 0, 0, 1, 0, -1, 0, 5000, 18000, 0, 8000, "144", 103, 1, 0, 0, 90, 0, 0, 0, 0, 0, 0, 90, 0, 0, 0, 0, 0, 0, 0, 0, 0, 0, "", 0, 0, 0, 0, 0, 0, 0, 0, 0, "", 5, 0, 20, 80, 60, 0, "", "", "ROUT", 0, 1, 1, 0, 0, 0, 0, 0, 0, 0, 0, 0, 0, 0, 0, 0, 0, 2000, 0, 0.1, 0, 0, 0, 1, 110
  @ START_POINT, 0 : (RAMX+OBV4), (RAMX+OBV4)+zaz+50, 0
  @ LINE_EP, 0 : (RAMX+OBV4), (RAMX+OBV4)+zaz+100, 0, 9, 0, 0, 0, 0, 0
  @ LINE_EP, 0 : (RAMX+OBV4), lpy-(RAMX+OBV0)-zaz+z4, 0, 0, 0, 0, 0, 0, 0
  @ LINE_EP, 0 : (RAMX+OBV4)-7, lpy-(RAMX+OBV0)-zaz+z_4, 0, -7, 0, 0, 0, 0, 0
  @ LINE_EP, 0 : (RAMX+OBV4), lpy-(RAMX+OBV0)-zaz+z4, 0, 7, 0, 0, 0, 0, 0
  @ LINE_EP, 0 : (RAMX+OBV4)+h4, lpy/2, 0, 0, 0, 0, 0, 0, 0
  @ LINE_EP, 0 : (RAMX+OBV4)-7+h_4, lpy/2, 0, -7, 0, 0, 0, 0, 0
  @ LINE_EP, 0 : (RAMX+OBV4)+h4, lpy/2, 0, 7, 0, 0, 0, 0, 0
  @ LINE_EP, 0 : (RAMX+OBV4), (RAMX+OBV0)+zaz-z4, 0, 0, 0, 0, 0, 0, 0
  @ LINE_EP, 0 : (RAMX+OBV4)-7, (RAMX+OBV0)+zaz-z_4, 0, -7, 0, 0, 0, 0, 0
  @ LINE_EP, 0 : (RAMX+OBV4), (RAMX+OBV0)+zaz-z4, 0, 7, 0, 0, 0, 0, 0
  @ LINE_EP, 0 : (RAMX+OBV4), (RAMX+OBV4)+zaz+110, 0, 0, 0, 0, 0, 0, 0
  @ ENDPATH, 0 :
  
@ ROUT, 0 : "144", 0, "1", 0, 0, "", 1, 18, -1, 0, 0, 0, 0, 0, 0, 0, 0, 0, 0, 0, 0, 0, 0, 0, 0, 0, 0, 0, 1, 0, 0, 0, 0, 1, 0, 0, 0, 0, 0, 1, 0, -1, 0, 5000, 18000, 0, 8000, "144", 103, 1, 0, 0, 90, 0, 0, 0, 0, 0, 0, 90, 0, 0, 0, 0, 0, 0, 0, 0, 0, 0, "", 0, 0, 0, 0, 0, 0, 0, 0, 0, "", 5, 0, 20, 80, 60, 0, "", "", "ROUT", 0, 1, 1, 0, 0, 0, 0, 0, 0, 0, 0, 0, 0, 0, 0, 0, 0, 2000, 0, 0.1, 0, 0, 0, 1, 110
  @ START_POINT, 0 : (RAMX+OBV6), (RAMX+OBV6)+zaz+50, 0
  @ LINE_EP, 0 : (RAMX+OBV6), (RAMX+OBV6)+zaz+100, 0, T_3, 0, 0, 0, 0, 0
  @ LINE_EP, 0 : (RAMX+OBV6), lpy-(RAMX+OBV0)-zaz+z6, 0, 0, 0, 0, 0, 0, 0
  @ LINE_EP, 0 : (RAMX+OBV6)-4, lpy-(RAMX+OBV0)-zaz+z_6, 0, -4, 0, 0, 0, 0, 0
  @ LINE_EP, 0 : (RAMX+OBV6), lpy-(RAMX+OBV0)-zaz+z6, 0, 4, 0, 0, 0, 0, 0
  @ LINE_EP, 0 : (RAMX+OBV6)+h6, lpy/2, 0, 0, 0, 0, 0, 0, 0
  @ LINE_EP, 0 : (RAMX+OBV6)-4+h_6, lpy/2, 0, -4, 0, 0, 0, 0, 0
  @ LINE_EP, 0 : (RAMX+OBV6)+h6, lpy/2, 0, 4, 0, 0, 0, 0, 0
  @ LINE_EP, 0 : (RAMX+OBV6), (RAMX+OBV0)+zaz-z6, 0, 0, 0, 0, 0, 0, 0
  @ LINE_EP, 0 : (RAMX+OBV6)-4, (RAMX+OBV0)+zaz-z_6, 0, -4, 0, 0, 0, 0, 0
  @ LINE_EP, 0 : (RAMX+OBV6), (RAMX+OBV0)+zaz-z6, 0, 4, 0, 0, 0, 0, 0
  @ LINE_EP, 0 : (RAMX+OBV6), (RAMX+OBV6)+zaz+110, 0, 0, 0, 0, 0, 0, 0
  @ ENDPATH, 0 :
  
@ ROUT, 0 : "144", 0, "1", 0, 0, "", 1, 18, -1, 0, 0, 0, 0, 0, 0, 0, 0, 0, 0, 0, 0, 0, 0, 0, 0, 0, 0, 0, 1, 0, 0, 0, 0, 1, 0, 0, 0, 0, 0, 1, 0, -1, 0, 5000, 18000, 0, 8000, "144", 103, 1, 0, 0, 90, 0, 0, 0, 0, 0, 0, 90, 0, 0, 0, 0, 0, 0, 0, 0, 0, 0, "", 0, 0, 0, 0, 0, 0, 0, 0, 0, "", 5, 0, 20, 80, 60, 0, "", "", "ROUT", 0, 1, 1, 0, 0, 0, 0, 0, 0, 0, 0, 0, 0, 0, 0, 0, 0, 2000, 0, 0.1, 0, 0, 0, 1, 110
  @ START_POINT, 0 : lpx-(RAMX+OBV4), (RAMX+OBV4)+zaz+50, 0
  @ LINE_EP, 0 : lpx-(RAMX+OBV4), (RAMX+OBV4)+zaz+100, 0, 9, 0, 0, 0, 0, 0
  @ LINE_EP, 0 : lpx-(RAMX+OBV4), lpy-(RAMX+OBV0)-zaz+z4, 0, 0, 0, 0, 0, 0, 0
  @ LINE_EP, 0 : lpx-(RAMX+OBV4)+7, lpy-(RAMX+OBV0)-zaz+z_4, 0, -7, 0, 0, 0, 0, 0
  @ LINE_EP, 0 : lpx-(RAMX+OBV4), lpy-(RAMX+OBV0)-zaz+z4, 0, 7, 0, 0, 0, 0, 0
  @ LINE_EP, 0 : lpx-(RAMX+OBV4)-h4, lpy/2, 0, 0, 0, 0, 0, 0, 0
  @ LINE_EP, 0 : lpx-(RAMX+OBV4)+7-h_4, lpy/2, 0, -7, 0, 0, 0, 0, 0
  @ LINE_EP, 0 : lpx-(RAMX+OBV4)-h4, lpy/2, 0, 7, 0, 0, 0, 0, 0
  @ LINE_EP, 0 : lpx-(RAMX+OBV4), (RAMX+OBV0)+zaz-z4, 0, 0, 0, 0, 0, 0, 0
  @ LINE_EP, 0 : lpx-(RAMX+OBV4)+7, (RAMX+OBV0)+zaz-z_4, 0, -7, 0, 0, 0, 0, 0
  @ LINE_EP, 0 : lpx-(RAMX+OBV4), (RAMX+OBV0)+zaz-z4, 0, 7, 0, 0, 0, 0, 0
  @ LINE_EP, 0 : lpx-(RAMX+OBV4), (RAMX+OBV4)+zaz+110, 0, 0, 0, 0, 0, 0, 0
  @ ENDPATH, 0 :
  
@ ROUT, 0 : "144", 0, "1", 0, 0, "", 1, 18, -1, 0, 0, 0, 0, 0, 0, 0, 0, 0, 0, 0, 0, 0, 0, 0, 0, 0, 0, 0, 1, 0, 0, 0, 0, 1, 0, 0, 0, 0, 0, 1, 0, -1, 0, 5000, 18000, 0, 8000, "144", 103, 1, 0, 0, 90, 0, 0, 0, 0, 0, 0, 90, 0, 0, 0, 0, 0, 0, 0, 0, 0, 0, "", 0, 0, 0, 0, 0, 0, 0, 0, 0, "", 5, 0, 20, 80, 60, 0, "", "", "ROUT", 0, 1, 1, 0, 0, 0, 0, 0, 0, 0, 0, 0, 0, 0, 0, 0, 0, 2000, 0, 0.1, 0, 0, 0, 1, 110
  @ START_POINT, 0 : lpx-(RAMX+OBV6), (RAMX+OBV6)+zaz+50, 0
  @ LINE_EP, 0 : lpx-(RAMX+OBV6), (RAMX+OBV6)+zaz+100, 0, T_3, 0, 0, 0, 0, 0
  @ LINE_EP, 0 : lpx-(RAMX+OBV6), lpy-(RAMX+OBV0)-zaz+z6, 0, 0, 0, 0, 0, 0, 0
  @ LINE_EP, 0 : lpx-(RAMX+OBV6)+4, lpy-(RAMX+OBV0)-zaz+z_6, 0, -4, 0, 0, 0, 0, 0
  @ LINE_EP, 0 : lpx-(RAMX+OBV6), lpy-(RAMX+OBV0)-zaz+z6, 0, 4, 0, 0, 0, 0, 0
  @ LINE_EP, 0 : lpx-(RAMX+OBV6)-h6, lpy/2, 0, 0, 0, 0, 0, 0, 0
  @ LINE_EP, 0 : lpx-(RAMX+OBV6)+4-h_6, lpy/2, 0, -4, 0, 0, 0, 0, 0
  @ LINE_EP, 0 : lpx-(RAMX+OBV6)-h6, lpy/2, 0, 4, 0, 0, 0, 0, 0
  @ LINE_EP, 0 : lpx-(RAMX+OBV6), (RAMX+OBV0)+zaz-z6, 0, 0, 0, 0, 0, 0, 0
  @ LINE_EP, 0 : lpx-(RAMX+OBV6)+4, (RAMX+OBV0)+zaz-z_6, 0, -4, 0, 0, 0, 0, 0
  @ LINE_EP, 0 : lpx-(RAMX+OBV6), (RAMX+OBV0)+zaz-z6, 0, 4, 0, 0, 0, 0, 0
  @ LINE_EP, 0 : lpx-(RAMX+OBV6), (RAMX+OBV6)+zaz+110, 0, 0, 0, 0, 0, 0, 0
  @ ENDPATH, 0 :
  

  