@ ROUT, 0 : "157", 0, "1", 0, 0, "", 1, 18, -1, 0, 0, 0, 0, 0, 0, 0, 0, 0, 0, 0, 0, 0, 0, 0, 0, 0, 0, 0, 1, 0, 0, 0, 0, 1, 0, 0, 0, 0, 0, 1, 0, -1, 0, 5000, 18000, 0, 8000, "157", 103, 1, 0, 0, 90, 0, 0, 0, 0, 0, 0, 90, 0, 0, 0, 0, 0, 0, 0, 0, 0, 0, "", 0, 0, 0, 0, 0, 0, 0, 0, 0, "", 5, 0, 20, 80, 60, 0, "", "", "ROUT", 0, 1, 1, 0, 0, 0, 0, 0, 0, 0, 0, 0, 0, 0, 0, 0, 0, 2000, 0, 0.1, 0, 0, 0, 1, 110
  @ START_POINT, 0 : (RAMX+OBV0)+zaz+50, (RAMX+OBV0), 0
  @ LINE_EP, 0 : (RAMX+OBV0)+zaz+100, (RAMX+OBV0), 0, 9, 0, 0, 0, 0, 0
  @ LINE_EP, 0 : lpx-(RAMX+OBV0)-zaz, (RAMX+OBV0), 0, 0, 0, 0, 0, 0, 0
  @ LINE_EP, 0 : lpx/2, (RAMX+OBV0)+y1, 0, 0, 0, 0, 0, 0, 0
  @ LINE_EP, 0 : (RAMX+OBV0)+zaz, (RAMX+OBV0), 0, 0, 0, 0, 0, 0, 0
  @ LINE_EP, 0 : (RAMX+OBV0)+zaz+110, (RAMX+OBV0), 0, 0, 0, 0, 0, 0, 0
  @ ENDPATH, 0 :
  
@ ROUT, 0 : "157", 0, "1", 0, 0, "", 1, 18, -1, 0, 0, 0, 0, 0, 0, 0, 0, 0, 0, 0, 0, 0, 0, 0, 0, 0, 0, 0, 1, 0, 0, 0, 0, 1, 0, 0, 0, 0, 0, 1, 0, -1, 0, 5000, 18000, 0, 8000, "157", 103, 1, 0, 0, 90, 0, 0, 0, 0, 0, 0, 90, 0, 0, 0, 0, 0, 0, 0, 0, 0, 0, "", 0, 0, 0, 0, 0, 0, 0, 0, 0, "", 5, 0, 20, 80, 60, 0, "", "", "ROUT", 0, 1, 1, 0, 0, 0, 0, 0, 0, 0, 0, 0, 0, 0, 0, 0, 0, 2000, 0, 0.1, 0, 0, 0, 1, 110
  @ START_POINT, 0 : (RAMX+OBV0)+zaz+50, lpy-(RAMX+OBV0), 0
  @ LINE_EP, 0 : (RAMX+OBV0)+zaz+100, lpy-(RAMX+OBV0), 0, 9, 0, 0, 0, 0, 0
  @ LINE_EP, 0 : lpx-(RAMX+OBV0)-zaz, lpy-(RAMX+OBV0), 0, 0, 0, 0, 0, 0, 0
  @ LINE_EP, 0 : lpx/2, lpy-(RAMX+OBV0)-y1, 0, 0, 0, 0, 0, 0, 0
  @ LINE_EP, 0 : (RAMX+OBV0)+zaz, lpy-(RAMX+OBV0), 0, 0, 0, 0, 0, 0, 0
  @ LINE_EP, 0 : (RAMX+OBV0)+zaz+110, lpy-(RAMX+OBV0), 0, 0, 0, 0, 0, 0, 0
  @ ENDPATH, 0 :

@ ROUT, 0 : "157", 0, "1", 0, 0, "", 1, 18, -1, 0, 0, 0, 0, 0, 0, 0, 0, 0, 0, 0, 0, 0, 0, 0, 0, 0, 0, 0, 1, 0, 0, 0, 0, 1, 0, 0, 0, 0, 0, 1, 0, -1, 0, 5000, 18000, 0, 8000, "157", 103, 1, 0, 0, 90, 0, 0, 0, 0, 0, 0, 90, 0, 0, 0, 0, 0, 0, 0, 0, 0, 0, "", 0, 0, 0, 0, 0, 0, 0, 0, 0, "", 5, 0, 20, 80, 60, 0, "", "", "ROUT", 0, 1, 1, 0, 0, 0, 0, 0, 0, 0, 0, 0, 0, 0, 0, 0, 0, 2000, 0, 0.1, 0, 0, 0, 1, 110
  @ START_POINT, 0 : (RAMX+OBV0), (RAMX+OBV0)+zaz+50, 0
  @ LINE_EP, 0 : (RAMX+OBV0), (RAMX+OBV0)+zaz+100, 0, 9, 0, 0, 0, 0, 0
  @ LINE_EP, 0 : (RAMX+OBV0), lpy-(RAMX+OBV0)-zaz, 0, 0, 0, 0, 0, 0, 0
  @ LINE_EP, 0 : (RAMX+OBV0)+x1, lpy/2, 0, 0, 0, 0, 0, 0, 0
  @ LINE_EP, 0 : (RAMX+OBV0), (RAMX+OBV0)+zaz, 0, 0, 0, 0, 0, 0, 0
  @ LINE_EP, 0 : (RAMX+OBV0), (RAMX+OBV0)+zaz+110, 0, 0, 0, 0, 0, 0, 0
  @ ENDPATH, 0 :
  
@ ROUT, 0 : "157", 0, "1", 0, 0, "", 1, 18, -1, 0, 0, 0, 0, 0, 0, 0, 0, 0, 0, 0, 0, 0, 0, 0, 0, 0, 0, 0, 1, 0, 0, 0, 0, 1, 0, 0, 0, 0, 0, 1, 0, -1, 0, 5000, 18000, 0, 8000, "157", 103, 1, 0, 0, 90, 0, 0, 0, 0, 0, 0, 90, 0, 0, 0, 0, 0, 0, 0, 0, 0, 0, "", 0, 0, 0, 0, 0, 0, 0, 0, 0, "", 5, 0, 20, 80, 60, 0, "", "", "ROUT", 0, 1, 1, 0, 0, 0, 0, 0, 0, 0, 0, 0, 0, 0, 0, 0, 0, 2000, 0, 0.1, 0, 0, 0, 1, 110
  @ START_POINT, 0 : lpx-(RAMX+OBV0), (RAMX+OBV0)+zaz+50, 0
  @ LINE_EP, 0 : lpx-(RAMX+OBV0), (RAMX+OBV0)+zaz+100, 0, 9, 0, 0, 0, 0, 0
  @ LINE_EP, 0 : lpx-(RAMX+OBV0), lpy-(RAMX+OBV0)-zaz, 0, 0, 0, 0, 0, 0, 0
  @ LINE_EP, 0 : lpx-(RAMX+OBV0)-x1, lpy/2, 0, 0, 0, 0, 0, 0, 0
  @ LINE_EP, 0 : lpx-(RAMX+OBV0), (RAMX+OBV0)+zaz, 0, 0, 0, 0, 0, 0, 0
  @ LINE_EP, 0 : lpx-(RAMX+OBV0), (RAMX+OBV0)+zaz+110, 0, 0, 0, 0, 0, 0, 0
  @ ENDPATH, 0 :
  
@ ROUT, 0 : "157", 0, "1", 0, 0, "", 1, 18, -1, 0, 0, 0, 0, 0, 0, 0, 0, 0, 0, 0, 0, 0, 0, 0, 0, 0, 0, 0, 1, 0, 0, 0, 0, 1, 0, 0, 0, 0, 0, 1, 0, -1, 0, 5000, 18000, 0, 8000, "157", 103, 1, 0, 0, 90, 0, 0, 0, 0, 0, 0, 90, 0, 0, 0, 0, 0, 0, 0, 0, 0, 0, "", 0, 0, 0, 0, 0, 0, 0, 0, 0, "", 5, 0, 20, 80, 60, 0, "", "", "ROUT", 0, 1, 1, 0, 0, 0, 0, 0, 0, 0, 0, 0, 0, 0, 0, 0, 0, 2000, 0, 0.1, 0, 0, 0, 1, 110
  @ START_POINT, 0 : (RAMX+OBV1)+zaz+50, (RAMX+OBV1), 0
  @ LINE_EP, 0 : (RAMX+OBV1)+zaz+100, (RAMX+OBV1), 0, 9, 0, 0, 0, 0, 0
  @ LINE_EP, 0 : lpx-z1, (RAMX+OBV1), 0, 0, 0, 0, 0, 0, 0
  @ LINE_EP, 0 : lpx/2, h1, 0, 0, 0, 0, 0, 0, 0
  @ LINE_EP, 0 : z1, (RAMX+OBV1), 0, 0, 0, 0, 0, 0, 0
  @ LINE_EP, 0 : (RAMX+OBV1)+zaz+110, (RAMX+OBV1), 0, 0, 0, 0, 0, 0, 0
  @ ENDPATH, 0 :
  
@ ROUT, 0 : "157", 0, "1", 0, 0, "", 1, 18, -1, 0, 0, 0, 0, 0, 0, 0, 0, 0, 0, 0, 0, 0, 0, 0, 0, 0, 0, 0, 1, 0, 0, 0, 0, 1, 0, 0, 0, 0, 0, 1, 0, -1, 0, 5000, 18000, 0, 8000, "157", 103, 1, 0, 0, 90, 0, 0, 0, 0, 0, 0, 90, 0, 0, 0, 0, 0, 0, 0, 0, 0, 0, "", 0, 0, 0, 0, 0, 0, 0, 0, 0, "", 5, 0, 20, 80, 60, 0, "", "", "ROUT", 0, 1, 1, 0, 0, 0, 0, 0, 0, 0, 0, 0, 0, 0, 0, 0, 0, 2000, 0, 0.1, 0, 0, 0, 1, 110
  @ START_POINT, 0 : (RAMX+OBV1)+zaz+50, lpy-(RAMX+OBV1), 0
  @ LINE_EP, 0 : (RAMX+OBV1)+zaz+100, lpy-(RAMX+OBV1), 0, 9, 0, 0, 0, 0, 0
  @ LINE_EP, 0 : lpx-(RAMX+OBV0)-zaz+z1, lpy-(RAMX+OBV1), 0, 0, 0, 0, 0, 0, 0
  @ LINE_EP, 0 : lpx/2, lpy-(RAMX+OBV1)-h1, 0, 0, 0, 0, 0, 0, 0
  @ LINE_EP, 0 : (RAMX+OBV0)+zaz-z1, lpy-(RAMX+OBV1), 0, 0, 0, 0, 0, 0, 0
  @ LINE_EP, 0 : (RAMX+OBV1)+zaz+110, lpy-(RAMX+OBV1), 0, 0, 0, 0, 0, 0, 0
  @ ENDPATH, 0 :

@ ROUT, 0 : "157", 0, "1", 0, 0, "", 1, 18, -1, 0, 0, 0, 0, 0, 0, 0, 0, 0, 0, 0, 0, 0, 0, 0, 0, 0, 0, 0, 1, 0, 0, 0, 0, 1, 0, 0, 0, 0, 0, 1, 0, -1, 0, 5000, 18000, 0, 8000, "157", 103, 1, 0, 0, 90, 0, 0, 0, 0, 0, 0, 90, 0, 0, 0, 0, 0, 0, 0, 0, 0, 0, "", 0, 0, 0, 0, 0, 0, 0, 0, 0, "", 5, 0, 20, 80, 60, 0, "", "", "ROUT", 0, 1, 1, 0, 0, 0, 0, 0, 0, 0, 0, 0, 0, 0, 0, 0, 0, 2000, 0, 0.1, 0, 0, 0, 1, 110
  @ START_POINT, 0 : (RAMX+OBV1), (RAMX+OBV1)+zaz+50, 0
  @ LINE_EP, 0 : (RAMX+OBV1), (RAMX+OBV1)+zaz+100, 0, 9, 0, 0, 0, 0, 0
  @ LINE_EP, 0 : (RAMX+OBV1), lpy-(RAMX+OBV0)-zaz+z1_xl, 0, 0, 0, 0, 0, 0, 0
  @ LINE_EP, 0 : (RAMX+OBV1)+h1_xl, lpy/2, 0, 0, 0, 0, 0, 0, 0
  @ LINE_EP, 0 : (RAMX+OBV1), (RAMX+OBV0)+zaz-z1_xl, 0, 0, 0, 0, 0, 0, 0
  @ LINE_EP, 0 : (RAMX+OBV1), (RAMX+OBV1)+zaz+110, 0, 0, 0, 0, 0, 0, 0
  @ ENDPATH, 0 :

@ ROUT, 0 : "157", 0, "1", 0, 0, "", 1, 18, -1, 0, 0, 0, 0, 0, 0, 0, 0, 0, 0, 0, 0, 0, 0, 0, 0, 0, 0, 0, 1, 0, 0, 0, 0, 1, 0, 0, 0, 0, 0, 1, 0, -1, 0, 5000, 18000, 0, 8000, "157", 103, 1, 0, 0, 90, 0, 0, 0, 0, 0, 0, 90, 0, 0, 0, 0, 0, 0, 0, 0, 0, 0, "", 0, 0, 0, 0, 0, 0, 0, 0, 0, "", 5, 0, 20, 80, 60, 0, "", "", "ROUT", 0, 1, 1, 0, 0, 0, 0, 0, 0, 0, 0, 0, 0, 0, 0, 0, 0, 2000, 0, 0.1, 0, 0, 0, 1, 110
  @ START_POINT, 0 : lpx-(RAMX+OBV1), (RAMX+OBV1)+zaz+50, 0
  @ LINE_EP, 0 : lpx-(RAMX+OBV1), (RAMX+OBV1)+zaz+100, 0, 9, 0, 0, 0, 0, 0
  @ LINE_EP, 0 : lpx-(RAMX+OBV1), lpy-(RAMX+OBV0)-zaz+z1_xl, 0, 0, 0, 0, 0, 0, 0
  @ LINE_EP, 0 : lpx-(RAMX+OBV1)-h1_xl, lpy/2, 0, 0, 0, 0, 0, 0, 0
  @ LINE_EP, 0 : lpx-(RAMX+OBV1), (RAMX+OBV0)+zaz-z1_xl, 0, 0, 0, 0, 0, 0, 0
  @ LINE_EP, 0 : lpx-(RAMX+OBV1), (RAMX+OBV1)+zaz+110, 0, 0, 0, 0, 0, 0, 0
  @ ENDPATH, 0 :  

@ ROUT, 0 : "150", 0, "1", 0, 0, "", 1, 18, -1, 0, 0, 0, 0, 0, 0, 0, 0, 0, 0, 0, 0, 0, 0, 0, 0, 0, 0, 0, 1, 0, 0, 0, 0, 1, 0, 0, 0, 0, 0, 1, 0, -1, 0, 5000, 18000, 0, 8000, "150", 103, 1, 0, 0, 90, 0, 0, 0, 0, 0, 0, 90, 0, 0, 0, 0, 0, 0, 0, 0, 0, 0, "", 0, 0, 0, 0, 0, 0, 0, 0, 0, "", 5, 0, 20, 80, 60, 0, "", "", "ROUT", 0, 1, 1, 0, 0, 0, 0, 0, 0, 0, 0, 0, 0, 0, 0, 0, 0, 2000, 0, 0.1, 0, 0, 0, 1, 110
  @ START_POINT, 0 : (RAMX+OBV3)+zaz+50, (RAMX+OBV3), 0
  @ LINE_EP, 0 : (RAMX+OBV3)+zaz+100, (RAMX+OBV3), 0, 9, 0, 0, 0, 0, 0
  @ LINE_EP, 0 : lpx-(RAMX+OBV0)-zaz+z3, (RAMX+OBV3), 0, 0, 0, 0, 0, 0, 0
  @ LINE_EP, 0 : lpx/2, (RAMX+OBV3)+h3, 0, 0, 0, 0, 0, 0, 0
  @ LINE_EP, 0 : (RAMX+OBV0)+zaz-z3, (RAMX+OBV3), 0, 0, 0, 0, 0, 0, 0
  @ LINE_EP, 0 : (RAMX+OBV3)+zaz+110, (RAMX+OBV3), 0, 0, 0, 0, 0, 0, 0
  @ ENDPATH, 0 : 

@ ROUT, 0 : "150", 0, "1", 0, 0, "", 1, 18, -1, 0, 0, 0, 0, 0, 0, 0, 0, 0, 0, 0, 0, 0, 0, 0, 0, 0, 0, 0, 1, 0, 0, 0, 0, 1, 0, 0, 0, 0, 0, 1, 0, -1, 0, 5000, 18000, 0, 8000, "150", 103, 1, 0, 0, 90, 0, 0, 0, 0, 0, 0, 90, 0, 0, 0, 0, 0, 0, 0, 0, 0, 0, "", 0, 0, 0, 0, 0, 0, 0, 0, 0, "", 5, 0, 20, 80, 60, 0, "", "", "ROUT", 0, 1, 1, 0, 0, 0, 0, 0, 0, 0, 0, 0, 0, 0, 0, 0, 0, 2000, 0, 0.1, 0, 0, 0, 1, 110
  @ START_POINT, 0 : (RAMX+OBV5)+zaz+50, (RAMX+OBV5), 0
  @ LINE_EP, 0 : (RAMX+OBV5)+zaz+100, (RAMX+OBV5), 0, T_3, 0, 0, 0, 0, 0
  @ LINE_EP, 0 : lpx-(RAMX+OBV0)-zaz+z5, (RAMX+OBV5), 0, 0, 0, 0, 0, 0, 0
  @ LINE_EP, 0 : lpx/2, (RAMX+OBV5)+h5, 0, 0, 0, 0, 0, 0, 0
  @ LINE_EP, 0 : (RAMX+OBV0)+zaz-z5, (RAMX+OBV5), 0, 0, 0, 0, 0, 0, 0
  @ LINE_EP, 0 : (RAMX+OBV5)+zaz+110, (RAMX+OBV5), 0, 0, 0, 0, 0, 0, 0
  @ ENDPATH, 0 :

@ ROUT, 0 : "150", 0, "1", 0, 0, "", 1, 18, -1, 0, 0, 0, 0, 0, 0, 0, 0, 0, 0, 0, 0, 0, 0, 0, 0, 0, 0, 0, 1, 0, 0, 0, 0, 1, 0, 0, 0, 0, 0, 1, 0, -1, 0, 5000, 18000, 0, 8000, "150", 103, 1, 0, 0, 90, 0, 0, 0, 0, 0, 0, 90, 0, 0, 0, 0, 0, 0, 0, 0, 0, 0, "", 0, 0, 0, 0, 0, 0, 0, 0, 0, "", 5, 0, 20, 80, 60, 0, "", "", "ROUT", 0, 1, 1, 0, 0, 0, 0, 0, 0, 0, 0, 0, 0, 0, 0, 0, 0, 2000, 0, 0.1, 0, 0, 0, 1, 110
  @ START_POINT, 0 : (RAMX+OBV3)+zaz+50, lpy-(RAMX+OBV3), 0
  @ LINE_EP, 0 : (RAMX+OBV3)+zaz+100, lpy-(RAMX+OBV3), 0, 9, 0, 0, 0, 0, 0
  @ LINE_EP, 0 : lpx-(RAMX+OBV0)-zaz+z3, lpy-(RAMX+OBV3), 0, 0, 0, 0, 0, 0, 0
  @ LINE_EP, 0 : lpx/2, lpy-(RAMX+OBV3)-h3, 0, 0, 0, 0, 0, 0, 0
  @ LINE_EP, 0 : (RAMX+OBV0)+zaz-z3, lpy-(RAMX+OBV3), 0, 0, 0, 0, 0, 0, 0
  @ LINE_EP, 0 : (RAMX+OBV3)+zaz+110, lpy-(RAMX+OBV3), 0, 0, 0, 0, 0, 0, 0
  @ ENDPATH, 0 :
  
@ ROUT, 0 : "150", 0, "1", 0, 0, "", 1, 18, -1, 0, 0, 0, 0, 0, 0, 0, 0, 0, 0, 0, 0, 0, 0, 0, 0, 0, 0, 0, 1, 0, 0, 0, 0, 1, 0, 0, 0, 0, 0, 1, 0, -1, 0, 5000, 18000, 0, 8000, "150", 103, 1, 0, 0, 90, 0, 0, 0, 0, 0, 0, 90, 0, 0, 0, 0, 0, 0, 0, 0, 0, 0, "", 0, 0, 0, 0, 0, 0, 0, 0, 0, "", 5, 0, 20, 80, 60, 0, "", "", "ROUT", 0, 1, 1, 0, 0, 0, 0, 0, 0, 0, 0, 0, 0, 0, 0, 0, 0, 2000, 0, 0.1, 0, 0, 0, 1, 110
  @ START_POINT, 0 : (RAMX+OBV5)+zaz+50, lpy-(RAMX+OBV5), 0
  @ LINE_EP, 0 : (RAMX+OBV5)+zaz+100, lpy-(RAMX+OBV5), 0, T_3, 0, 0, 0, 0, 0
  @ LINE_EP, 0 : lpx-(RAMX+OBV0)-zaz+z5, lpy-(RAMX+OBV5), 0, 0, 0, 0, 0, 0, 0
  @ LINE_EP, 0 : lpx/2, lpy-(RAMX+OBV5)-h5, 0, 0, 0, 0, 0, 0, 0
  @ LINE_EP, 0 : (RAMX+OBV0)+zaz-z5, lpy-(RAMX+OBV5), 0, 0, 0, 0, 0, 0, 0
  @ LINE_EP, 0 : (RAMX+OBV5)+zaz+110, lpy-(RAMX+OBV5), 0, 0, 0, 0, 0, 0, 0
  @ ENDPATH, 0 :
  
@ ROUT, 0 : "150", 0, "1", 0, 0, "", 1, 18, -1, 0, 0, 0, 0, 0, 0, 0, 0, 0, 0, 0, 0, 0, 0, 0, 0, 0, 0, 0, 1, 0, 0, 0, 0, 1, 0, 0, 0, 0, 0, 1, 0, -1, 0, 5000, 18000, 0, 8000, "150", 103, 1, 0, 0, 90, 0, 0, 0, 0, 0, 0, 90, 0, 0, 0, 0, 0, 0, 0, 0, 0, 0, "", 0, 0, 0, 0, 0, 0, 0, 0, 0, "", 5, 0, 20, 80, 60, 0, "", "", "ROUT", 0, 1, 1, 0, 0, 0, 0, 0, 0, 0, 0, 0, 0, 0, 0, 0, 0, 2000, 0, 0.1, 0, 0, 0, 1, 110
  @ START_POINT, 0 : (RAMX+OBV3), (RAMX+OBV3)+zaz+50, 0
  @ LINE_EP, 0 : (RAMX+OBV3), (RAMX+OBV3)+zaz+100, 0, 9, 0, 0, 0, 0, 0
  @ LINE_EP, 0 : (RAMX+OBV3), lpy-(RAMX+OBV0)-zaz+z3_xl, 0, 0, 0, 0, 0, 0, 0
  @ LINE_EP, 0 : (RAMX+OBV3)+h3_xl, lpy/2, 0, 0, 0, 0, 0, 0, 0
  @ LINE_EP, 0 : (RAMX+OBV3), (RAMX+OBV0)+zaz-z3_xl, 0, 0, 0, 0, 0, 0, 0
  @ LINE_EP, 0 : (RAMX+OBV3), (RAMX+OBV3)+zaz+110, 0, 0, 0, 0, 0, 0, 0
  @ ENDPATH, 0 :
  
@ ROUT, 0 : "150", 0, "1", 0, 0, "", 1, 18, -1, 0, 0, 0, 0, 0, 0, 0, 0, 0, 0, 0, 0, 0, 0, 0, 0, 0, 0, 0, 1, 0, 0, 0, 0, 1, 0, 0, 0, 0, 0, 1, 0, -1, 0, 5000, 18000, 0, 8000, "150", 103, 1, 0, 0, 90, 0, 0, 0, 0, 0, 0, 90, 0, 0, 0, 0, 0, 0, 0, 0, 0, 0, "", 0, 0, 0, 0, 0, 0, 0, 0, 0, "", 5, 0, 20, 80, 60, 0, "", "", "ROUT", 0, 1, 1, 0, 0, 0, 0, 0, 0, 0, 0, 0, 0, 0, 0, 0, 0, 2000, 0, 0.1, 0, 0, 0, 1, 110
  @ START_POINT, 0 : (RAMX+OBV5), (RAMX+OBV5)+zaz+50, 0
  @ LINE_EP, 0 : (RAMX+OBV5), (RAMX+OBV5)+zaz+100, 0, T_3, 0, 0, 0, 0, 0
  @ LINE_EP, 0 : (RAMX+OBV5), lpy-(RAMX+OBV0)-zaz+z5_xl, 0, 0, 0, 0, 0, 0, 0
  @ LINE_EP, 0 : (RAMX+OBV5)+h5_xl, lpy/2, 0, 0, 0, 0, 0, 0, 0
  @ LINE_EP, 0 : (RAMX+OBV5), (RAMX+OBV0)+zaz-z5_xl, 0, 0, 0, 0, 0, 0, 0
  @ LINE_EP, 0 : (RAMX+OBV5), (RAMX+OBV5)+zaz+110, 0, 0, 0, 0, 0, 0, 0
  @ ENDPATH, 0 :
  
@ ROUT, 0 : "150", 0, "1", 0, 0, "", 1, 18, -1, 0, 0, 0, 0, 0, 0, 0, 0, 0, 0, 0, 0, 0, 0, 0, 0, 0, 0, 0, 1, 0, 0, 0, 0, 1, 0, 0, 0, 0, 0, 1, 0, -1, 0, 5000, 18000, 0, 8000, "150", 103, 1, 0, 0, 90, 0, 0, 0, 0, 0, 0, 90, 0, 0, 0, 0, 0, 0, 0, 0, 0, 0, "", 0, 0, 0, 0, 0, 0, 0, 0, 0, "", 5, 0, 20, 80, 60, 0, "", "", "ROUT", 0, 1, 1, 0, 0, 0, 0, 0, 0, 0, 0, 0, 0, 0, 0, 0, 0, 2000, 0, 0.1, 0, 0, 0, 1, 110
  @ START_POINT, 0 : lpx-(RAMX+OBV3), (RAMX+OBV3)+zaz+50, 0
  @ LINE_EP, 0 : lpx-(RAMX+OBV3), (RAMX+OBV3)+zaz+100, 0, 9, 0, 0, 0, 0, 0
  @ LINE_EP, 0 : lpx-(RAMX+OBV3), lpy-(RAMX+OBV0)-zaz+z3_xl, 0, 0, 0, 0, 0, 0, 0
  @ LINE_EP, 0 : lpx-(RAMX+OBV3)-h3_xl, lpy/2, 0, 0, 0, 0, 0, 0, 0
  @ LINE_EP, 0 : lpx-(RAMX+OBV3), (RAMX+OBV0)+zaz-z3_xl, 0, 0, 0, 0, 0, 0, 0
  @ LINE_EP, 0 : lpx-(RAMX+OBV3), (RAMX+OBV3)+zaz+110, 0, 0, 0, 0, 0, 0, 0
  @ ENDPATH, 0 :
  
@ ROUT, 0 : "150", 0, "1", 0, 0, "", 1, 18, -1, 0, 0, 0, 0, 0, 0, 0, 0, 0, 0, 0, 0, 0, 0, 0, 0, 0, 0, 0, 1, 0, 0, 0, 0, 1, 0, 0, 0, 0, 0, 1, 0, -1, 0, 5000, 18000, 0, 8000, "150", 103, 1, 0, 0, 90, 0, 0, 0, 0, 0, 0, 90, 0, 0, 0, 0, 0, 0, 0, 0, 0, 0, "", 0, 0, 0, 0, 0, 0, 0, 0, 0, "", 5, 0, 20, 80, 60, 0, "", "", "ROUT", 0, 1, 1, 0, 0, 0, 0, 0, 0, 0, 0, 0, 0, 0, 0, 0, 0, 2000, 0, 0.1, 0, 0, 0, 1, 110
  @ START_POINT, 0 : lpx-(RAMX+OBV5), (RAMX+OBV5)+zaz+50, 0
  @ LINE_EP, 0 : lpx-(RAMX+OBV5), (RAMX+OBV5)+zaz+100, 0, T_3, 0, 0, 0, 0, 0
  @ LINE_EP, 0 : lpx-(RAMX+OBV5), lpy-(RAMX+OBV0)-zaz+z5_xl, 0, 0, 0, 0, 0, 0, 0
  @ LINE_EP, 0 : lpx-(RAMX+OBV5)-h5_xl, lpy/2, 0, 0, 0, 0, 0, 0, 0
  @ LINE_EP, 0 : lpx-(RAMX+OBV5), (RAMX+OBV0)+zaz-z5_xl, 0, 0, 0, 0, 0, 0, 0
  @ LINE_EP, 0 : lpx-(RAMX+OBV5), (RAMX+OBV5)+zaz+110, 0, 0, 0, 0, 0, 0, 0
  @ ENDPATH, 0 :

@ ROUT, 0 : "132", 0, "1", 0, 0, "", 1, 18, -1, 0, 0, 0, 0, 0, 0, 0, 0, 0, 0, 0, 0, 0, 0, 0, 0, 0, 0, 0, 1, 0, 0, 0, 0, 1, 0, 0, 0, 0, 0, 1, 0, -1, 0, 5000, 18000, 0, 8000, "132", 103, 1, 0, 0, 90, 0, 0, 0, 0, 0, 0, 90, 0, 0, 0, 0, 0, 0, 0, 0, 0, 0, "", 0, 0, 0, 0, 0, 0, 0, 0, 0, "", 5, 0, 20, 80, 60, 0, "", "", "ROUT", 0, 1, 1, 0, 0, 0, 0, 0, 0, 0, 0, 0, 0, 0, 0, 0, 0, 2000, 0, 0.1, 0, 0, 0, 1, 110
  @ START_POINT, 0 : (RAMX+OBV8)+zaz+50, (RAMX+OBV8), 0
  @ LINE_EP, 0 : (RAMX+OBV8)+zaz+100, (RAMX+OBV8), 0, 15.2, 0, 0, 0, 0, 0
  @ LINE_EP, 0 : lpx-(RAMX+OBV0)-zaz+z8, (RAMX+OBV8), 0, 0, 0, 0, 0, 0, 0
  @ CONNECTOR, 0 : VRAD, 0, 0, 0, 0, 0, 0
  @ LINE_EP, 0 : lpx/2, (RAMX+OBV8)+h8, 0, 0, 0, 0, 0, 0, 0
  @ LINE_EP, 0 : (RAMX+OBV0)+zaz-z8, (RAMX+OBV8), 0, 0, 0, 0, 0, 0, 0
  @ CONNECTOR, 0 : VRAD, 0, 0, 0, 0, 0, 0
  @ LINE_EP, 0 : (RAMX+OBV8)+zaz+110, (RAMX+OBV8), 0, 0, 0, 0, 0, 0, 0
  @ ENDPATH, 0 :
  
@ ROUT, 0 : "132", 0, "1", 0, 0, "", 1, 18, -1, 0, 0, 0, 0, 0, 0, 0, 0, 0, 0, 0, 0, 0, 0, 0, 0, 0, 0, 0, 1, 0, 0, 0, 0, 1, 0, 0, 0, 0, 0, 1, 0, -1, 0, 5000, 18000, 0, 8000, "132", 103, 1, 0, 0, 90, 0, 0, 0, 0, 0, 0, 90, 0, 0, 0, 0, 0, 0, 0, 0, 0, 0, "", 0, 0, 0, 0, 0, 0, 0, 0, 0, "", 5, 0, 20, 80, 60, 0, "", "", "ROUT", 0, 1, 1, 0, 0, 0, 0, 0, 0, 0, 0, 0, 0, 0, 0, 0, 0, 2000, 0, 0.1, 0, 0, 0, 1, 110
  @ START_POINT, 0 : (RAMX+OBV8)+zaz+80, lpy-(RAMX+OBV8), 0
  @ LINE_EP, 0 : (RAMX+OBV8)+zaz+100, lpy-(RAMX+OBV8), 0, 15.2, 0, 0, 0, 0, 0
  @ LINE_EP, 0 : lpx-(RAMX+OBV0)-zaz+z8, lpy-(RAMX+OBV8), 0, 0, 0, 0, 0, 0, 0
  @ CONNECTOR, 0 : VRAD, 0, 0, 0, 0, 0, 0
  @ LINE_EP, 0 : lpx/2, lpy-(RAMX+OBV8)-h8, 0, 0, 0, 0, 0, 0, 0
  @ LINE_EP, 0 : (RAMX+OBV0)+zaz-z8, lpy-(RAMX+OBV8), 0, 0, 0, 0, 0, 0, 0
  @ CONNECTOR, 0 : VRAD, 0, 0, 0, 0, 0, 0
  @ LINE_EP, 0 : (RAMX+OBV8)+zaz+110, lpy-(RAMX+OBV8), 0, 0, 0, 0, 0, 0, 0
  @ ENDPATH, 0 :
  
@ ROUT, 0 : "132", 0, "1", 0, 0, "", 1, 18, -1, 0, 0, 0, 0, 0, 0, 0, 0, 0, 0, 0, 0, 0, 0, 0, 0, 0, 0, 0, 1, 0, 0, 0, 0, 1, 0, 0, 0, 0, 0, 1, 0, -1, 0, 5000, 18000, 0, 8000, "132", 103, 1, 0, 0, 90, 0, 0, 0, 0, 0, 0, 90, 0, 0, 0, 0, 0, 0, 0, 0, 0, 0, "", 0, 0, 0, 0, 0, 0, 0, 0, 0, "", 5, 0, 20, 80, 60, 0, "", "", "ROUT", 0, 1, 1, 0, 0, 0, 0, 0, 0, 0, 0, 0, 0, 0, 0, 0, 0, 2000, 0, 0.1, 0, 0, 0, 1, 110
  @ START_POINT, 0 : (RAMX+OBV8), (RAMX+OBV8)+zaz+50, 0
  @ LINE_EP, 0 : (RAMX+OBV8), (RAMX+OBV8)+zaz+100, 0, 15.2, 0, 0, 0, 0, 0
  @ LINE_EP, 0 : (RAMX+OBV8), lpy-(RAMX+OBV0)-zaz+z8_xl, 0, 0, 0, 0, 0, 0, 0
  @ CONNECTOR, 0 : VRAD, 0, 0, 0, 0, 0, 0
  @ LINE_EP, 0 : (RAMX+OBV8)+h8_xl, lpy/2, 0, 0, 0, 0, 0, 0, 0
  @ LINE_EP, 0 : (RAMX+OBV8), (RAMX+OBV0)+zaz-z8_xl, 0, 0, 0, 0, 0, 0, 0
  @ CONNECTOR, 0 : VRAD, 0, 0, 0, 0, 0, 0
  @ LINE_EP, 0 : (RAMX+OBV8), (RAMX+OBV8)+zaz+110, 0, 0, 0, 0, 0, 0, 0
  @ ENDPATH, 0 :
  
@ ROUT, 0 : "132", 0, "1", 0, 0, "", 1, 18, -1, 0, 0, 0, 0, 0, 0, 0, 0, 0, 0, 0, 0, 0, 0, 0, 0, 0, 0, 0, 1, 0, 0, 0, 0, 1, 0, 0, 0, 0, 0, 1, 0, -1, 0, 5000, 18000, 0, 8000, "132", 103, 1, 0, 0, 90, 0, 0, 0, 0, 0, 0, 90, 0, 0, 0, 0, 0, 0, 0, 0, 0, 0, "", 0, 0, 0, 0, 0, 0, 0, 0, 0, "", 5, 0, 20, 80, 60, 0, "", "", "ROUT", 0, 1, 1, 0, 0, 0, 0, 0, 0, 0, 0, 0, 0, 0, 0, 0, 0, 2000, 0, 0.1, 0, 0, 0, 1, 110
  @ START_POINT, 0 : lpx-(RAMX+OBV8), (RAMX+OBV8)+zaz+80, 0
  @ LINE_EP, 0 : lpx-(RAMX+OBV8), (RAMX+OBV8)+zaz+100, 0, 15.2, 0, 0, 0, 0, 0
  @ LINE_EP, 0 : lpx-(RAMX+OBV8), lpy-(RAMX+OBV0)-zaz+z8_xl, 0, 0, 0, 0, 0, 0, 0
  @ CONNECTOR, 0 : VRAD, 0, 0, 0, 0, 0, 0
  @ LINE_EP, 0 : lpx-(RAMX+OBV8)-h8_xl, lpy/2, 0, 0, 0, 0, 0, 0, 0
  @ LINE_EP, 0 : lpx-(RAMX+OBV8), (RAMX+OBV0)+zaz-z8_xl, 0, 0, 0, 0, 0, 0, 0
  @ CONNECTOR, 0 : VRAD, 0, 0, 0, 0, 0, 0
  @ LINE_EP, 0 : lpx-(RAMX+OBV8), (RAMX+OBV8)+zaz+110, 0, 0, 0, 0, 0, 0, 0
  @ ENDPATH, 0 :