@ ROUT, 0 : "157", 0, "1", 0, 0, "", 1, 18, -1, 0, 0, 0, 0, 0, 0, 0, 0, 0, 0, 0, 0, 0, 0, 0, 0, 0, 0, 0, 1, 0, 0, 0, 0, 1, 0, 0, 0, 0, 0, 1, 0, -1, 0, 5000, 18000, 0, 8000, "157", 103, 1, 0, 0, 90, 0, 0, 0, 0, 0, 0, 90, 0, 0, 0, 0, 0, 0, 0, 0, 0, 0, "", 0, 0, 0, 0, 0, 0, 0, 0, 0, "", 5, 0, 20, 80, 60, 0, "", "", "ROUT", 0, 1, 1, 0, 0, 0, 0, 0, 0, 0, 0, 0, 0, 0, 0, 0, 0, 2000, 0, 0.1, 0, 0, 0, 1, 110
  @ START_POINT, 0 : (RAMX+OBV0), (RAMX+OBV0)+zaz+50, 0
  @ LINE_EP, 0 : (RAMX+OBV0), (RAMX+OBV0)+zaz+100, 0, 9, 0, 0, 0, 0, 0
  @ LINE_EP, 0 : (RAMX+OBV0), lpy-z0, 0, 0, 0, 0, 0, 0, 0
  @ LINE_EP, 0 : h0, lpy/2, 0, 0, 0, 0, 0, 0, 0
  @ LINE_EP, 0 : (RAMX+OBV0), z0, 0, 0, 0, 0, 0, 0, 0
  @ LINE_EP, 0 : (RAMX+OBV0), (RAMX+OBV0)+zaz+110, 0, 0, 0, 0, 0, 0, 0
  @ ENDPATH, 0 :
  
@ ROUT, 0 : "157", 0, "1", 0, 0, "", 1, 18, -1, 0, 0, 0, 0, 0, 0, 0, 0, 0, 0, 0, 0, 0, 0, 0, 0, 0, 0, 0, 1, 0, 0, 0, 0, 1, 0, 0, 0, 0, 0, 1, 0, -1, 0, 5000, 18000, 0, 8000, "157", 103, 1, 0, 0, 90, 0, 0, 0, 0, 0, 0, 90, 0, 0, 0, 0, 0, 0, 0, 0, 0, 0, "", 0, 0, 0, 0, 0, 0, 0, 0, 0, "", 5, 0, 20, 80, 60, 0, "", "", "ROUT", 0, 1, 1, 0, 0, 0, 0, 0, 0, 0, 0, 0, 0, 0, 0, 0, 0, 2000, 0, 0.1, 0, 0, 0, 1, 110
  @ START_POINT, 0 : (RAMX+OBV1), (RAMX+OBV1)+zaz+50, 0
  @ LINE_EP, 0 : (RAMX+OBV1), (RAMX+OBV1)+zaz+100, 0, 9, 0, 0, 0, 0, 0
  @ LINE_EP, 0 : (RAMX+OBV1), lpy-z1, 0, 0, 0, 0, 0, 0, 0
  @ LINE_EP, 0 : h1, lpy/2, 0, 0, 0, 0, 0, 0, 0
  @ LINE_EP, 0 : (RAMX+OBV1), z1, 0, 0, 0, 0, 0, 0, 0
  @ LINE_EP, 0 : (RAMX+OBV1), (RAMX+OBV1)+zaz+110, 0, 0, 0, 0, 0, 0, 0
  @ ENDPATH, 0 :
  
@ ROUT, 0 : "157", 0, "1", 0, 0, "", 1, 18, -1, 0, 0, 0, 0, 0, 0, 0, 0, 0, 0, 0, 0, 0, 0, 0, 0, 0, 0, 0, 1, 0, 0, 0, 0, 1, 0, 0, 0, 0, 0, 1, 0, -1, 0, 5000, 18000, 0, 8000, "157", 103, 1, 0, 0, 90, 0, 0, 0, 0, 0, 0, 90, 0, 0, 0, 0, 0, 0, 0, 0, 0, 0, "", 0, 0, 0, 0, 0, 0, 0, 0, 0, "", 5, 0, 20, 80, 60, 0, "", "", "ROUT", 0, 1, 1, 0, 0, 0, 0, 0, 0, 0, 0, 0, 0, 0, 0, 0, 0, 2000, 0, 0.1, 0, 0, 0, 1, 110
  @ START_POINT, 0 : (RAMX+OBV0)+zaz+50, (RAMX+OBV0), 0
  @ LINE_EP, 0 : (RAMX+OBV0)+zaz+100, (RAMX+OBV0), 0, 9, 0, 0, 0, 0, 0
  @ LINE_EP, 0 : lpx-f0, (RAMX+OBV0), 0, 0, 0, 0, 0, 0, 0
  @ LINE_EP, 0 : lpx/2, g0, 0, 0, 0, 0, 0, 0, 0
  @ LINE_EP, 0 : f0, (RAMX+OBV0), 0, 0, 0, 0, 0, 0, 0
  @ LINE_EP, 0 : (RAMX+OBV0)+zaz+110, (RAMX+OBV0), 0, 0, 0, 0, 0, 0, 0
  @ ENDPATH, 0 :
  
@ ROUT, 0 : "157", 0, "1", 0, 0, "", 1, 18, -1, 0, 0, 0, 0, 0, 0, 0, 0, 0, 0, 0, 0, 0, 0, 0, 0, 0, 0, 0, 1, 0, 0, 0, 0, 1, 0, 0, 0, 0, 0, 1, 0, -1, 0, 5000, 18000, 0, 8000, "157", 103, 1, 0, 0, 90, 0, 0, 0, 0, 0, 0, 90, 0, 0, 0, 0, 0, 0, 0, 0, 0, 0, "", 0, 0, 0, 0, 0, 0, 0, 0, 0, "", 5, 0, 20, 80, 60, 0, "", "", "ROUT", 0, 1, 1, 0, 0, 0, 0, 0, 0, 0, 0, 0, 0, 0, 0, 0, 0, 2000, 0, 0.1, 0, 0, 0, 1, 110
  @ START_POINT, 0 : (RAMX+OBV1)+zaz+50, (RAMX+OBV1), 0
  @ LINE_EP, 0 : (RAMX+OBV1)+zaz+100, (RAMX+OBV1), 0, 9, 0, 0, 0, 0, 0
  @ LINE_EP, 0 : lpx-f1, (RAMX+OBV1), 0, 0, 0, 0, 0, 0, 0
  @ LINE_EP, 0 : lpx/2, g1, 0, 0, 0, 0, 0, 0, 0
  @ LINE_EP, 0 : f1, (RAMX+OBV1), 0, 0, 0, 0, 0, 0, 0
  @ LINE_EP, 0 : (RAMX+OBV1)+zaz+110, (RAMX+OBV1), 0, 0, 0, 0, 0, 0, 0
  @ ENDPATH, 0 :
  
@ ROUT, 0 : "150", 0, "1", 0, 0, "", 1, 18, -1, 0, 0, 0, 0, 0, 0, 0, 0, 0, 0, 0, 0, 0, 0, 0, 0, 0, 0, 0, 1, 0, 0, 0, 0, 1, 0, 0, 0, 0, 0, 1, 0, -1, 0, 5000, 18000, 0, 8000, "150", 103, 1, 0, 0, 90, 0, 0, 0, 0, 0, 0, 90, 0, 0, 0, 0, 0, 0, 0, 0, 0, 0, "", 0, 0, 0, 0, 0, 0, 0, 0, 0, "", 5, 0, 20, 80, 60, 0, "", "", "ROUT", 0, 1, 1, 0, 0, 0, 0, 0, 0, 0, 0, 0, 0, 0, 0, 0, 0, 2000, 0, 0.1, 0, 0, 0, 1, 110
  @ START_POINT, 0 : (RAMX+OBV3), (RAMX+OBV3)+zaz+50, 0
  @ LINE_EP, 0 : (RAMX+OBV3), (RAMX+OBV3)+zaz+100, 0, 9, 0, 0, 0, 0, 0
  @ LINE_EP, 0 : (RAMX+OBV3), lpy-z3, 0, 0, 0, 0, 0, 0, 0
  @ LINE_EP, 0 : h3, lpy/2, 0, 0, 0, 0, 0, 0, 0
  @ LINE_EP, 0 : (RAMX+OBV3), z3, 0, 0, 0, 0, 0, 0, 0
  @ LINE_EP, 0 : (RAMX+OBV3), (RAMX+OBV3)+zaz+110, 0, 0, 0, 0, 0, 0, 0
  @ ENDPATH, 0 :
  
@ ROUT, 0 : "150", 0, "1", 0, 0, "", 1, 18, -1, 0, 0, 0, 0, 0, 0, 0, 0, 0, 0, 0, 0, 0, 0, 0, 0, 0, 0, 0, 1, 0, 0, 0, 0, 1, 0, 0, 0, 0, 0, 1, 0, -1, 0, 5000, 18000, 0, 8000, "150", 103, 1, 0, 0, 90, 0, 0, 0, 0, 0, 0, 90, 0, 0, 0, 0, 0, 0, 0, 0, 0, 0, "", 0, 0, 0, 0, 0, 0, 0, 0, 0, "", 5, 0, 20, 80, 60, 0, "", "", "ROUT", 0, 1, 1, 0, 0, 0, 0, 0, 0, 0, 0, 0, 0, 0, 0, 0, 0, 2000, 0, 0.1, 0, 0, 0, 1, 110
  @ START_POINT, 0 : (RAMX+OBV5), (RAMX+OBV5)+zaz+50, 0
  @ LINE_EP, 0 : (RAMX+OBV5), (RAMX+OBV5)+zaz+100, 0, 3, 0, 0, 0, 0, 0
  @ LINE_EP, 0 : (RAMX+OBV5), lpy-z5, 0, 0, 0, 0, 0, 0, 0
  @ LINE_EP, 0 : h5, lpy/2, 0, 0, 0, 0, 0, 0, 0
  @ LINE_EP, 0 : (RAMX+OBV5), z5, 0, 0, 0, 0, 0, 0, 0
  @ LINE_EP, 0 : (RAMX+OBV5), (RAMX+OBV5)+zaz+110, 0, 0, 0, 0, 0, 0, 0
  @ ENDPATH, 0 :
  
@ ROUT, 0 : "150", 0, "1", 0, 0, "", 1, 18, -1, 0, 0, 0, 0, 0, 0, 0, 0, 0, 0, 0, 0, 0, 0, 0, 0, 0, 0, 0, 1, 0, 0, 0, 0, 1, 0, 0, 0, 0, 0, 1, 0, -1, 0, 5000, 18000, 0, 8000, "150", 103, 1, 0, 0, 90, 0, 0, 0, 0, 0, 0, 90, 0, 0, 0, 0, 0, 0, 0, 0, 0, 0, "", 0, 0, 0, 0, 0, 0, 0, 0, 0, "", 5, 0, 20, 80, 60, 0, "", "", "ROUT", 0, 1, 1, 0, 0, 0, 0, 0, 0, 0, 0, 0, 0, 0, 0, 0, 0, 2000, 0, 0.1, 0, 0, 0, 1, 110
  @ START_POINT, 0 : (RAMX+OBV3)+zaz+50, (RAMX+OBV3), 0
  @ LINE_EP, 0 : (RAMX+OBV3)+zaz+100, (RAMX+OBV3), 0, 9, 0, 0, 0, 0, 0
  @ LINE_EP, 0 : lpx-f3, (RAMX+OBV3), 0, 0, 0, 0, 0, 0, 0
  @ LINE_EP, 0 : lpx/2, g3, 0, 0, 0, 0, 0, 0, 0
  @ LINE_EP, 0 : f3, (RAMX+OBV3), 0, 0, 0, 0, 0, 0, 0
  @ LINE_EP, 0 : (RAMX+OBV3)+zaz+110, (RAMX+OBV3), 0, 0, 0, 0, 0, 0, 0
  @ ENDPATH, 0 :
  
@ ROUT, 0 : "150", 0, "1", 0, 0, "", 1, 18, -1, 0, 0, 0, 0, 0, 0, 0, 0, 0, 0, 0, 0, 0, 0, 0, 0, 0, 0, 0, 1, 0, 0, 0, 0, 1, 0, 0, 0, 0, 0, 1, 0, -1, 0, 5000, 18000, 0, 8000, "150", 103, 1, 0, 0, 90, 0, 0, 0, 0, 0, 0, 90, 0, 0, 0, 0, 0, 0, 0, 0, 0, 0, "", 0, 0, 0, 0, 0, 0, 0, 0, 0, "", 5, 0, 20, 80, 60, 0, "", "", "ROUT", 0, 1, 1, 0, 0, 0, 0, 0, 0, 0, 0, 0, 0, 0, 0, 0, 0, 2000, 0, 0.1, 0, 0, 0, 1, 110
  @ START_POINT, 0 : (RAMX+OBV5)+zaz+50, (RAMX+OBV5), 0
  @ LINE_EP, 0 : (RAMX+OBV5)+zaz+100, (RAMX+OBV5), 0, 3, 0, 0, 0, 0, 0
  @ LINE_EP, 0 : lpx-f5, (RAMX+OBV5), 0, 0, 0, 0, 0, 0, 0
  @ LINE_EP, 0 : lpx/2, g5, 0, 0, 0, 0, 0, 0, 0
  @ LINE_EP, 0 : f5, (RAMX+OBV5), 0, 0, 0, 0, 0, 0, 0
  @ LINE_EP, 0 : (RAMX+OBV5)+zaz+110, (RAMX+OBV5), 0, 0, 0, 0, 0, 0, 0
  @ ENDPATH, 0 :
  
@ ROUT, 0 : "144", 0, "1", 0, 0, "", 1, 18, -1, 0, 0, 0, 0, 0, 0, 0, 0, 0, 0, 0, 0, 0, 0, 0, 0, 0, 0, 0, 1, 0, 0, 0, 0, 1, 0, 0, 0, 0, 0, 1, 0, -1, 0, 5000, 18000, 0, 8000, "144", 103, 1, 0, 0, 90, 0, 0, 0, 0, 0, 0, 90, 0, 0, 0, 0, 0, 0, 0, 0, 0, 0, "", 0, 0, 0, 0, 0, 0, 0, 0, 0, "", 5, 0, 20, 80, 60, 0, "", "", "ROUT", 0, 1, 1, 0, 0, 0, 0, 0, 0, 0, 0, 0, 0, 0, 0, 0, 0, 2000, 0, 0.1, 0, 0, 0, 1, 110
  @ START_POINT, 0 : (RAMX+OBV4), (RAMX+OBV4)+zaz+50, 0
  @ LINE_EP, 0 : (RAMX+OBV4), (RAMX+OBV4)+zaz+100, 0, 9, 0, 0, 0, 0, 0
  @ LINE_EP, 0 : (RAMX+OBV4), lpy-z4, 0, 0, 0, 0, 0, 0, 0
  @ LINE_EP, 0 : (RAMX+OBV4)-7, lpy-z4_xl, 0, -7, 0, 0, 0, 0, 0
  @ LINE_EP, 0 : (RAMX+OBV4), lpy-z4, 0, 7, 0, 0, 0, 0, 0
  @ LINE_EP, 0 : h4, lpy/2, 0, 0, 0, 0, 0, 0, 0
  @ LINE_EP, 0 : h4_xl, lpy/2, 0, -7, 0, 0, 0, 0, 0
  @ LINE_EP, 0 : h4, lpy/2, 0, 7, 0, 0, 0, 0, 0
  @ LINE_EP, 0 : (RAMX+OBV4), z4, 0, 0, 0, 0, 0, 0, 0
  @ LINE_EP, 0 : (RAMX+OBV4)-7, z4_xl, 0, -7, 0, 0, 0, 0, 0
  @ LINE_EP, 0 : (RAMX+OBV4), z4, 0, 7, 0, 0, 0, 0, 0
  @ LINE_EP, 0 : (RAMX+OBV4), (RAMX+OBV4)+zaz+110, 0, 0, 0, 0, 0, 0, 0
  @ ENDPATH, 0 :
  
@ ROUT, 0 : "144", 0, "1", 0, 0, "", 1, 18, -1, 0, 0, 0, 0, 0, 0, 0, 0, 0, 0, 0, 0, 0, 0, 0, 0, 0, 0, 0, 1, 0, 0, 0, 0, 1, 0, 0, 0, 0, 0, 1, 0, -1, 0, 5000, 18000, 0, 8000, "144", 103, 1, 0, 0, 90, 0, 0, 0, 0, 0, 0, 90, 0, 0, 0, 0, 0, 0, 0, 0, 0, 0, "", 0, 0, 0, 0, 0, 0, 0, 0, 0, "", 5, 0, 20, 80, 60, 0, "", "", "ROUT", 0, 1, 1, 0, 0, 0, 0, 0, 0, 0, 0, 0, 0, 0, 0, 0, 0, 2000, 0, 0.1, 0, 0, 0, 1, 110
  @ START_POINT, 0 : (RAMX+OBV6), (RAMX+OBV6)+zaz+50, 0
  @ LINE_EP, 0 : (RAMX+OBV6), (RAMX+OBV6)+zaz+100, 0, 3, 0, 0, 0, 0, 0
  @ LINE_EP, 0 : (RAMX+OBV6), lpy-z6, 0, 0, 0, 0, 0, 0, 0
  @ LINE_EP, 0 : (RAMX+OBV6)-7, lpy-z6_xl, 0, -7, 0, 0, 0, 0, 0
  @ LINE_EP, 0 : (RAMX+OBV6), lpy-z6, 0, 7, 0, 0, 0, 0, 0
  @ LINE_EP, 0 : h6, lpy/2, 0, 0, 0, 0, 0, 0, 0
  @ LINE_EP, 0 : h6_xl, lpy/2, 0, -7, 0, 0, 0, 0, 0
  @ LINE_EP, 0 : h6, lpy/2, 0, 7, 0, 0, 0, 0, 0
  @ LINE_EP, 0 : (RAMX+OBV6), z6, 0, 0, 0, 0, 0, 0, 0
  @ LINE_EP, 0 : (RAMX+OBV6)-7, z6_xl, 0, -7, 0, 0, 0, 0, 0
  @ LINE_EP, 0 : (RAMX+OBV6), z6, 0, 7, 0, 0, 0, 0, 0
  @ LINE_EP, 0 : (RAMX+OBV6), (RAMX+OBV6)+zaz+110, 0, 0, 0, 0, 0, 0, 0
  @ ENDPATH, 0 :
  
@ ROUT, 0 : "144", 0, "1", 0, 0, "", 1, 18, -1, 0, 0, 0, 0, 0, 0, 0, 0, 0, 0, 0, 0, 0, 0, 0, 0, 0, 0, 0, 1, 0, 0, 0, 0, 1, 0, 0, 0, 0, 0, 1, 0, -1, 0, 5000, 18000, 0, 8000, "144", 103, 1, 0, 0, 90, 0, 0, 0, 0, 0, 0, 90, 0, 0, 0, 0, 0, 0, 0, 0, 0, 0, "", 0, 0, 0, 0, 0, 0, 0, 0, 0, "", 5, 0, 20, 80, 60, 0, "", "", "ROUT", 0, 1, 1, 0, 0, 0, 0, 0, 0, 0, 0, 0, 0, 0, 0, 0, 0, 2000, 0, 0.1, 0, 0, 0, 1, 110
  @ START_POINT, 0 : (RAMX+OBV4)+zaz+50, (RAMX+OBV4), 0
  @ LINE_EP, 0 : (RAMX+OBV4)+zaz+100, (RAMX+OBV4), 0, 9, 0, 0, 0, 0, 0
  @ LINE_EP, 0 : lpx-f4, (RAMX+OBV4), 0, 0, 0, 0, 0, 0, 0
  @ LINE_EP, 0 : lpx-f4_xl, (RAMX+OBV4)-7, 0, -7, 0, 0, 0, 0, 0
  @ LINE_EP, 0 : lpx-f4, (RAMX+OBV4), 0, 7, 0, 0, 0, 0, 0
  @ LINE_EP, 0 : lpx/2, g4, 0, 0, 0, 0, 0, 0, 0
  @ LINE_EP, 0 : lpx/2, g4_xl, 0, -7, 0, 0, 0, 0, 0
  @ LINE_EP, 0 : lpx/2, g4, 0, 7, 0, 0, 0, 0, 0
  @ LINE_EP, 0 : f4, (RAMX+OBV4), 0, 0, 0, 0, 0, 0, 0
  @ LINE_EP, 0 : f4_xl, (RAMX+OBV4)-7, 0, -7, 0, 0, 0, 0, 0
  @ LINE_EP, 0 : f4, (RAMX+OBV4), 0, 7, 0, 0, 0, 0, 0
  @ LINE_EP, 0 : (RAMX+OBV4)+zaz+110, (RAMX+OBV4), 0, 0, 0, 0, 0, 0, 0
  @ ENDPATH, 0 :
  
@ ROUT, 0 : "144", 0, "1", 0, 0, "", 1, 18, -1, 0, 0, 0, 0, 0, 0, 0, 0, 0, 0, 0, 0, 0, 0, 0, 0, 0, 0, 0, 1, 0, 0, 0, 0, 1, 0, 0, 0, 0, 0, 1, 0, -1, 0, 5000, 18000, 0, 8000, "144", 103, 1, 0, 0, 90, 0, 0, 0, 0, 0, 0, 90, 0, 0, 0, 0, 0, 0, 0, 0, 0, 0, "", 0, 0, 0, 0, 0, 0, 0, 0, 0, "", 5, 0, 20, 80, 60, 0, "", "", "ROUT", 0, 1, 1, 0, 0, 0, 0, 0, 0, 0, 0, 0, 0, 0, 0, 0, 0, 2000, 0, 0.1, 0, 0, 0, 1, 110
  @ START_POINT, 0 : (RAMX+OBV6)+zaz+50, (RAMX+OBV6), 0
  @ LINE_EP, 0 : (RAMX+OBV6)+zaz+100, (RAMX+OBV6), 0, 3, 0, 0, 0, 0, 0
  @ LINE_EP, 0 : lpx-f6, (RAMX+OBV6), 0, 0, 0, 0, 0, 0, 0
  @ LINE_EP, 0 : lpx-f6_xl, (RAMX+OBV6)-7, 0, -7, 0, 0, 0, 0, 0
  @ LINE_EP, 0 : lpx-f6, (RAMX+OBV6), 0, 7, 0, 0, 0, 0, 0
  @ LINE_EP, 0 : lpx/2, g6, 0, 0, 0, 0, 0, 0, 0
  @ LINE_EP, 0 : lpx/2, g6_xl, 0, -7, 0, 0, 0, 0, 0
  @ LINE_EP, 0 : lpx/2, g6, 0, 7, 0, 0, 0, 0, 0
  @ LINE_EP, 0 : f6, (RAMX+OBV6), 0, 0, 0, 0, 0, 0, 0
  @ LINE_EP, 0 : f6_xl, (RAMX+OBV6)-7, 0, -7, 0, 0, 0, 0, 0
  @ LINE_EP, 0 : f6, (RAMX+OBV6), 0, 7, 0, 0, 0, 0, 0
  @ LINE_EP, 0 : (RAMX+OBV6)+zaz+110, (RAMX+OBV6), 0, 0, 0, 0, 0, 0, 0
  @ ENDPATH, 0 :
  
@ ROUT, 0 : "132", 0, "1", 0, 0, "", 1, 18, -1, 0, 0, 0, 0, 0, 0, 0, 0, 0, 0, 0, 0, 0, 0, 0, 0, 0, 0, 0, 1, 0, 0, 0, 0, 1, 0, 0, 0, 0, 0, 1, 0, -1, 0, 5000, 18000, 0, 8000, "132", 103, 1, 0, 0, 90, 0, 0, 0, 0, 0, 0, 90, 0, 0, 0, 0, 0, 0, 0, 0, 0, 0, "", 0, 0, 0, 0, 0, 0, 0, 0, 0, "", 5, 0, 20, 80, 60, 0, "", "", "ROUT", 0, 1, 1, 0, 0, 0, 0, 0, 0, 0, 0, 0, 0, 0, 0, 0, 0, 2000, 0, 0.1, 0, 0, 0, 1, 110
  @ START_POINT, 0 : (RAMX+OBV8), (RAMX+OBV8)+zaz+50, 0
  @ LINE_EP, 0 : (RAMX+OBV8), (RAMX+OBV8)+zaz+100, 0, 15.2, 0, 0, 0, 0, 0
  @ LINE_EP, 0 : (RAMX+OBV8), lpy-z8, 0, 0, 0, 0, 0, 0, 0
  @ CONNECTOR, 0 : VRAD, 0, 0, 0, 0, 0, 0
  @ LINE_EP, 0 : h8, lpy/2, 0, 0, 0, 0, 0, 0, 0
  @ LINE_EP, 0 : (RAMX+OBV8), z8, 0, 0, 0, 0, 0, 0, 0
  @ CONNECTOR, 0 : VRAD, 0, 0, 0, 0, 0, 0
  @ LINE_EP, 0 : (RAMX+OBV8), (RAMX+OBV8)+zaz+110, 0, 0, 0, 0, 0, 0, 0
  @ ENDPATH, 0 :
  
@ ROUT, 0 : "132", 0, "1", 0, 0, "", 1, 18, -1, 0, 0, 0, 0, 0, 0, 0, 0, 0, 0, 0, 0, 0, 0, 0, 0, 0, 0, 0, 1, 0, 0, 0, 0, 1, 0, 0, 0, 0, 0, 1, 0, -1, 0, 5000, 18000, 0, 8000, "132", 103, 1, 0, 0, 90, 0, 0, 0, 0, 0, 0, 90, 0, 0, 0, 0, 0, 0, 0, 0, 0, 0, "", 0, 0, 0, 0, 0, 0, 0, 0, 0, "", 5, 0, 20, 80, 60, 0, "", "", "ROUT", 0, 1, 1, 0, 0, 0, 0, 0, 0, 0, 0, 0, 0, 0, 0, 0, 0, 2000, 0, 0.1, 0, 0, 0, 1, 110
  @ START_POINT, 0 : (RAMX+OBV8)+zaz+50, (RAMX+OBV8), 0
  @ LINE_EP, 0 : (RAMX+OBV8)+zaz+100, (RAMX+OBV8), 0, 15.2, 0, 0, 0, 0, 0
  @ LINE_EP, 0 : lpx-f8, (RAMX+OBV8), 0, 0, 0, 0, 0, 0, 0
  @ CONNECTOR, 0 : VRAD, 0, 0, 0, 0, 0, 0
  @ LINE_EP, 0 : lpx/2, g8, 0, 0, 0, 0, 0, 0, 0
  @ LINE_EP, 0 : f8, (RAMX+OBV8), 0, 0, 0, 0, 0, 0, 0
  @ CONNECTOR, 0 : VRAD, 0, 0, 0, 0, 0, 0
  @ LINE_EP, 0 : (RAMX+OBV8)+zaz+110, (RAMX+OBV8), 0, 0, 0, 0, 0, 0, 0
  @ ENDPATH, 0 :
  
