@ ROUT, 0 : "132", 0, "1", 0, 0, "", 1, 18, -1, 0, 0, 0, 0, 0, 0, 0, 0, 0, 0, 0, 0, 0, 0, 0, 0, 0, 0, 0, 1, 0, 0, 0, 0, 1, 0, 0, 0, 0, 0, 1, 0, -1, 0, 5000, 18000, 0, 8000, "132", 103, 1, 0, 0, 90, 0, 0, 0, 0, 0, 0, 90, 0, 0, 0, 0, 0, 0, 0, 0, 0, 0, "", 0, 0, 0, 0, 0, 0, 0, 0, 0, "", 5, 0, 20, 80, 60, 0, "", "", "ROUT", 0, 1, 1, 0, 0, 0, 0, 0, 0, 0, 0, 0, 0, 0, 0, 0, 0, 2000, 0, 0.1, 0, 0, 0, 1, 110
  @ START_POINT, 0 : RAMX+OBV0+20, RAMY+OBV0, 0
  @ LINE_EP, 0 : RAMX+OBV0+120, RAMY+OBV0, 0, 12, 0, 0, 0, 0, 0
  @ LINE_EP, 0 : lpx-RAMX-OBV0, RAMY+OBV0, 0, 0, 0, 0, 0, 0, 0
  @ LINE_EP, 0 : lpx-RAMX-OBV0, lpy-RAMY-OBV0, 0, 0, 0, 0, 0, 0, 0
  @ LINE_EP, 0 : RAMX+OBV0, lpy-RAMY-OBV0, 0, 0, 0, 0, 0, 0, 0
  @ LINE_EP, 0 : RAMX+OBV0, RAMY+OBV0, 0, 0, 0, 0, 0, 0, 0
  @ LINE_EP, 0 : RAMX+OBV0+130, RAMY+OBV0, 0, 0, 0, 0, 0, 0, 0
  @ LINE_EP, 0 : RAMX+OBV0+160, RAMY+OBV0, 0, -1, 0, 0, 0, 0, 0
  @ ENDPATH, 0 :
  
@ ROUT, 0 : "132", 0, "1", 0, 0, "", 1, 18, -1, 0, 0, 0, 0, 0, 0, 0, 0, 0, 0, 0, 0, 0, 0, 0, 0, 0, 0, 0, 1, 0, 0, 0, 0, 1, 0, 0, 0, 0, 0, 1, 0, -1, 0, 5000, 18000, 0, 8000, "132", 103, 1, 0, 0, 90, 0, 0, 0, 0, 0, 0, 90, 0, 0, 0, 0, 0, 0, 0, 0, 0, 0, "", 0, 0, 0, 0, 0, 0, 0, 0, 0, "", 5, 0, 20, 80, 60, 0, "", "", "ROUT", 0, 1, 1, 0, 0, 0, 0, 0, 0, 0, 0, 0, 0, 0, 0, 0, 0, 2000, 0, 0.1, 0, 0, 0, 1, 110
  @ START_POINT, 0 : RAMX+OBV1+20, RAMY+OBV1, 0
  @ LINE_EP, 0 : RAMX+OBV1+120, RAMY+OBV1, 0, 12, 0, 0, 0, 0, 0
  @ LINE_EP, 0 : lpx-RAMX-OBV1, RAMY+OBV1, 0, 0, 0, 0, 0, 0, 0
  @ LINE_EP, 0 : lpx-RAMX-OBV1, lpy-RAMY-OBV1, 0, 0, 0, 0, 0, 0, 0
  @ LINE_EP, 0 : RAMX+OBV1, lpy-RAMY-OBV1, 0, 0, 0, 0, 0, 0, 0
  @ LINE_EP, 0 : RAMX+OBV1, RAMY+OBV1, 0, 0, 0, 0, 0, 0, 0
  @ LINE_EP, 0 : RAMX+OBV1+130, RAMY+OBV1, 0, 0, 0, 0, 0, 0, 0
  @ LINE_EP, 0 : RAMX+OBV1+160, RAMY+OBV1, 0, -1, 0, 0, 0, 0, 0
  @ ENDPATH, 0 :
  
@ ROUT, 0 : "132", 0, "1", 0, 0, "", 1, 18, -1, 0, 0, 0, 0, 0, 0, 0, 0, 0, 0, 0, 0, 0, 0, 0, 0, 0, 0, 0, 1, 0, 0, 0, 0, 1, 0, 0, 0, 0, 0, 1, 0, -1, 0, 5000, 18000, 0, 8000, "132", 103, 1, 0, 0, 90, 0, 0, 0, 0, 0, 0, 90, 0, 0, 0, 0, 0, 0, 0, 0, 0, 0, "", 0, 0, 0, 0, 0, 0, 0, 0, 0, "", 5, 0, 20, 80, 60, 0, "", "", "ROUT", 0, 1, 1, 0, 0, 0, 0, 0, 0, 0, 0, 0, 0, 0, 0, 0, 0, 2000, 0, 0.1, 0, 0, 0, 1, 110
  @ START_POINT, 0 : RAMX+OBV7+20, RAMY+OBV7, 0
  @ LINE_EP, 0 : lpx-RAMX-OBV7, RAMY+OBV7, 3.6, 0, 0, 0, 0, 0, 0
  @ LINE_EP, 0 : lpx-RAMX-OBV7, lpy-RAMY-OBV7, 0, 0, 0, 0, 0, 0, 0
  @ LINE_EP, 0 : RAMX+OBV7, lpy-RAMY-OBV7, 0, 0, 0, 0, 0, 0, 0
  @ LINE_EP, 0 : RAMX+OBV7, RAMY+OBV7, 0, 0, 0, 0, 0, 0, 0
  @ LINE_EP, 0 : RAMX+OBV7+30, RAMY+OBV7, 0, 0, 0, 0, 0, 0, 0
  @ LINE_EP, 0 : RAMX+OBV7+60, RAMY+OBV7, 0, -1, 0, 0, 0, 0, 0
  @ ENDPATH, 0 :
  
@ ROUT, 0 : "132", 0, "1", 0, 0, "", 1, 18, -1, 0, 0, 0, 0, 0, 0, 0, 0, 0, 0, 0, 0, 0, 0, 0, 0, 0, 0, 0, 1, 0, 0, 0, 0, 1, 0, 0, 0, 0, 0, 1, 0, -1, 0, 5000, 18000, 0, 8000, "132", 103, 1, 0, 0, 90, 0, 0, 0, 0, 0, 0, 90, 0, 0, 0, 0, 0, 0, 0, 0, 0, 0, "", 0, 0, 0, 0, 0, 0, 0, 0, 0, "", 5, 0, 20, 80, 60, 0, "", "", "ROUT", 0, 1, 1, 0, 0, 0, 0, 0, 0, 0, 0, 0, 0, 0, 0, 0, 0, 2000, 0, 0.1, 0, 0, 0, 1, 110
  @ START_POINT, 0 : RAMX+OBV8+20, RAMY+OBV8, 0
  @ LINE_EP, 0 : lpx-RAMX-OBV8, RAMY+OBV8, 1.8, 0, 0, 0, 0, 0, 0
  @ LINE_EP, 0 : lpx-RAMX-OBV8, lpy-RAMY-OBV8, 0, 0, 0, 0, 0, 0, 0
  @ LINE_EP, 0 : RAMX+OBV8, lpy-RAMY-OBV8, 0, 0, 0, 0, 0, 0, 0
  @ LINE_EP, 0 : RAMX+OBV8, RAMY+OBV8, 0, 0, 0, 0, 0, 0, 0
  @ LINE_EP, 0 : RAMX+OBV8+30, RAMY+OBV8, 0, 0, 0, 0, 0, 0, 0
  @ LINE_EP, 0 : RAMX+OBV8+60, RAMY+OBV8, 0, -1, 0, 0, 0, 0, 0
  @ ENDPATH, 0 :
  
@ ROUT, 0 : "134", 0, "1", 0, 0, "", 1, 18, -1, 0, 0, 0, 0, 0, 0, 0, 0, 0, 0, 0, 0, 0, 0, 0, 0, 0, 0, 0, 1, 0, 0, 0, 0, 1, 0, 0, 0, 0, 0, 1, 0, -1, 0, 5000, 18000, 0, 8000, "134", 103, 1, 0, 0, 90, 0, 0, 0, 0, 0, 0, 90, 0, 0, 0, 0, 0, 0, 0, 0, 0, 0, "", 0, 0, 0, 0, 0, 0, 0, 0, 0, "", 5, 0, 20, 80, 60, 0, "", "", "ROUT", 0, 1, 1, 0, 0, 0, 0, 0, 0, 0, 0, 0, 0, 0, 0, 0, 0, 2000, 0, 0.1, 0, 0, 0, 1, 110
  @ START_POINT, 0 : RAMX+OBV3+20, RAMY+OBV3, 0
  @ LINE_EP, 0 : lpx-RAMX-OBV3, RAMY+OBV3, 12, 0, 0, 0, 0, 0, 0
  @ LINE_EP, 0 : lpx-RAMX-OBV3, lpy-RAMY-OBV3, 0, 0, 0, 0, 0, 0, 0
  @ LINE_EP, 0 : RAMX+OBV3, lpy-RAMY-OBV3, 0, 0, 0, 0, 0, 0, 0
  @ LINE_EP, 0 : RAMX+OBV3, RAMY+OBV3, 0, 0, 0, 0, 0, 0, 0
  @ LINE_EP, 0 : RAMX+OBV3+30, RAMY+OBV3, 0, 0, 0, 0, 0, 0, 0
  @ LINE_EP, 0 : RAMX+OBV3+60, RAMY+OBV3, 0, -1, 0, 0, 0, 0, 0
  @ ENDPATH, 0 :

@ ROUT, 0 : "134", 0, "1", 0, 0, "", 1, 18, -1, 0, 0, 0, 0, 0, 0, 0, 0, 0, 0, 0, 0, 0, 0, 0, 0, 0, 0, 0, 1, 0, 0, 0, 0, 1, 0, 0, 0, 0, 0, 1, 0, -1, 0, 5000, 18000, 0, 8000, "134", 103, 1, 0, 0, 90, 0, 0, 0, 0, 0, 0, 90, 0, 0, 0, 0, 0, 0, 0, 0, 0, 0, "", 0, 0, 0, 0, 0, 0, 0, 0, 0, "", 5, 0, 20, 80, 60, 0, "", "", "ROUT", 0, 1, 1, 0, 0, 0, 0, 0, 0, 0, 0, 0, 0, 0, 0, 0, 0, 2000, 0, 0.1, 0, 0, 0, 1, 110
  @ START_POINT, 0 : RAMX+OBV2+20, RAMY+OBV2, 0
  @ LINE_EP, 0 : lpx-RAMX-OBV2, RAMY+OBV2, 1.5, 0, 0, 0, 0, 0, 0
  @ LINE_EP, 0 : lpx-RAMX-OBV2, lpy-RAMY-OBV2, 0, 0, 0, 0, 0, 0, 0
  @ LINE_EP, 0 : RAMX+OBV2, lpy-RAMY-OBV2, 0, 0, 0, 0, 0, 0, 0
  @ LINE_EP, 0 : RAMX+OBV2, RAMY+OBV2, 0, 0, 0, 0, 0, 0, 0
  @ LINE_EP, 0 : RAMX+OBV2+30, RAMY+OBV2, 0, 0, 0, 0, 0, 0, 0
  @ LINE_EP, 0 : RAMX+OBV2+60, RAMY+OBV2, 0, -1, 0, 0, 0, 0, 0
  @ ENDPATH, 0 :
  
@ ROUT, 0 : "144", 0, "1", 0, 0, "", 1, 18, -1, 0, 0, 0, 0, 0, 0, 0, 0, 0, 0, 0, 0, 0, 0, 0, 0, 0, 0, 0, 1, 0, 0, 0, 0, 1, 0, 0, 0, 0, 0, 1, 0, -1, 0, 5000, 18000, 0, 8000, "144", 103, 1, 0, 0, 90, 0, 0, 0, 0, 0, 0, 90, 0, 0, 0, 0, 0, 0, 0, 0, 0, 0, "", 0, 0, 0, 0, 0, 0, 0, 0, 0, "", 5, 0, 20, 80, 60, 0, "", "", "ROUT", 0, 1, 1, 0, 0, 0, 0, 0, 0, 0, 0, 0, 0, 0, 0, 0, 0, 2000, 0, 0.1, 0, 0, 0, 1, 110
  @ START_POINT, 0 : RAMX+OBV4+20, RAMY+OBV4, 0
  @ LINE_EP, 0 : lpx-RAMX-OBV4, RAMY+OBV4, 10.5, 0, 0, 0, 0, 0, 0
  @ LINE_EP, 0 : lpx-RAMX-OBV4+10, RAMY+OBV4-10, 0, -10, 0, 0, 0, 0, 0
  @ LINE_EP, 0 : lpx-RAMX-OBV4, RAMY+OBV4, 0, 10, 0, 0, 0, 0, 0
  @ LINE_EP, 0 : lpx-RAMX-OBV4, lpy-RAMY-OBV4, 0, 0, 0, 0, 0, 0, 0
  @ LINE_EP, 0 : lpx-RAMX-OBV4+10, lpy-RAMY-OBV4+10, 0, -10, 0, 0, 0, 0, 0
  @ LINE_EP, 0 : lpx-RAMX-OBV4, lpy-RAMY-OBV4, 0, 10, 0, 0, 0, 0, 0
  @ LINE_EP, 0 : RAMX+OBV4, lpy-RAMY-OBV4, 0, 0, 0, 0, 0, 0, 0
  @ LINE_EP, 0 : RAMX+OBV4-10, lpy-RAMY-OBV4+10, 0, -10, 0, 0, 0, 0, 0
  @ LINE_EP, 0 : RAMX+OBV4, lpy-RAMY-OBV4, 0, 10, 0, 0, 0, 0, 0
  @ LINE_EP, 0 : RAMX+OBV4, RAMY+OBV4, 0, 0, 0, 0, 0, 0, 0
  @ LINE_EP, 0 : RAMX+OBV4-10, RAMY+OBV4-10, 0, -10, 0, 0, 0, 0, 0
  @ LINE_EP, 0 : RAMX+OBV4, RAMY+OBV4, 0, 10, 0, 0, 0, 0, 0
  @ LINE_EP, 0 : RAMX+OBV4+30, RAMY+OBV4, 0, 0, 0, 0, 0, 0, 0
  @ LINE_EP, 0 : RAMX+OBV4+60, RAMY+OBV4, 0, -1, 0, 0, 0, 0, 0
  @ ENDPATH, 0 :  

@ ROUT, 0 : "144_1", 0, "1", 0, 0, "", 1, 18, -1, 0, 0, 0, 0, 0, 0, 0, 0, 0, 0, 0, 0, 0, 0, 0, 0, 0, 0, 0, 1, 0, 0, 0, 0, 1, 0, 0, 0, 0, 0, 1, 0, -1, 0, 5000, 18000, 0, 8000, "144", 103, 1, 0, 0, 90, 0, 0, 0, 0, 0, 0, 90, 0, 0, 0, 0, 0, 0, 0, 0, 0, 0, "", 0, 0, 0, 0, 0, 0, 0, 0, 0, "", 5, 0, 20, 80, 60, 0, "", "", "ROUT", 0, 1, 1, 0, 0, 0, 0, 0, 0, 0, 0, 0, 0, 0, 0, 0, 0, 2000, 0, 0.1, 0, 0, 0, 1, 110
  @ START_POINT, 0 : RAMX+OBV6+20, RAMY+OBV6, 0
  @ LINE_EP, 0 : lpx-RAMX-OBV6, RAMY+OBV6, 1.25, 0, 0, 0, 0, 0, 0
  @ LINE_EP, 0 : lpx-RAMX-OBV6, lpy-RAMY-OBV6, 0, 0, 0, 0, 0, 0, 0
  @ LINE_EP, 0 : RAMX+OBV6, lpy-RAMY-OBV6, 0, 0, 0, 0, 0, 0, 0
  @ LINE_EP, 0 : RAMX+OBV6, RAMY+OBV6, 0, 0, 0, 0, 0, 0, 0
  @ LINE_EP, 0 : RAMX+OBV6+30, RAMY+OBV6, 0, 0, 0, 0, 0, 0, 0
  @ LINE_EP, 0 : RAMX+OBV6+60, RAMY+OBV6, 0, -1, 0, 0, 0, 0, 0
  @ ENDPATH, 0 : 

@ ROUT, 0 : "144", 0, "1", 0, 2.4, "", 1, 18, -1, 0, 0, 0, 0, 0, 0, 0, 0, 0, 0, 0, 0, 0, 0, 0, 0, 0, 0, 0, 1, 0, 1.2, 0, 0, 1, 0, 0, 0, 0, 0, 1, 0, -1, 0, 5000, 18000, 0, 8000, "144", 103, 1, 0, 0, 90, 0, 0, 0, 0, 0, 0, 90, 0, 0, 0, 0, 0, 0, 0, 0, 0, 0, "", 0, 0, 0, 0, 0, 0, 0, 0, 0, "", 5, 0, 20, 80, 60, 0, "", "", "ROUT", 0, 1, 1, 0, 0, 0, 0, 0, 0, 0, 0, 0, 0, 0, 0, 0, 0, 2000, 0, 0.1, 0, 0, 0, 1, 110
  @ START_POINT, 0 : 0, LPY/2, 0
  @ LINE_EP, 0 : 0, RKRAY, 0, 0, 0, 0, 0, 0, 0
  @ ARC_EPRA, 0 : RKRAY, 0, RKRAY, 1, 0, 0, 0, 0, 0, 0
  @ LINE_EP, 0 : LPX-RKRAY, 0, 0, 0, 0, 0, 0, 0, 0
  @ ARC_EPRA, 0 : LPX, RKRAY, RKRAY, 1, 0, 0, 0, 0, 0, 0
  @ LINE_EP, 0 : LPX, LPY-RKRAY, 0, 0, 0, 0, 0, 0, 0
  @ ARC_EPRA, 0 : LPX-RKRAY, LPY, RKRAY, 1, 0, 0, 0, 0, 0, 1
  @ LINE_EP, 0 : RKRAY, LPY, 0, 0, 0, 0, 0, 0, 0
  @ ARC_EPRA, 0 : 0, LPY-RKRAY, RKRAY, 1, 0, 0, 0, 0, 0, 1
  @ LINE_EP, 0 : 0, LPY/2, 0, 0, 0, 0, 0, 0, 0
  @ ENDPATH, 0 :