@ ROUT, 0 : "140", 0, "1", 0, 0, "", 1, 18, -1, 0, 0, 0, 0, 0, 0, 0, 0, 0, 0, 0, 0, 0, 0, 0, 0, 0, 0, 0, 1, 0, 0, 0, 0, 1, 0, 0, 0, 0, 0, 1, 0, -1, 0, 5000, 18000, 0, 8000, "140", 103, 1, 0, 0, 90, 0, 0, 0, 0, 0, 0, 90, 0, 0, 0, 0, 0, 0, 0, 0, 0, 0, "", 0, 0, 0, 0, 0, 0, 0, 0, 0, "", 5, 0, 20, 80, 60, 0, "", "", "ROUT", 0, 1, 1, 0, 0, 0, 0, 0, 0, 0, 0, 0, 0, 0, 0, 0, 0, 2000, 0, 0.1, 0, 0, 0, 1, 110
'vib1
  @ ENDPATH, 0 :
  
@ ROUT, 0 : "134", 0, "1", 0, 0, "", 1, 18, -1, 0, 0, 0, 0, 0, 0, 0, 0, 0, 0, 0, 0, 0, 0, 0, 0, 0, 0, 0, 1, 0, 0, 0, 0, 1, 0, 0, 0, 0, 0, 1, 0, -1, 0, 5000, 18000, 0, 8000, "134", 103, 1, 0, 0, 90, 0, 0, 0, 0, 0, 0, 90, 0, 0, 0, 0, 0, 0, 0, 0, 0, 0, "", 0, 0, 0, 0, 0, 0, 0, 0, 0, "", 5, 0, 20, 80, 60, 0, "", "", "ROUT", 0, 1, 1, 0, 0, 0, 0, 0, 0, 0, 0, 0, 0, 0, 0, 0, 0, 2000, 0, 0.1, 0, 0, 0, 1, 110
  @ START_POINT, 0 : -20, RAM, 0
  @ LINE_EP, 0 : lpx+20, RAM, 1.5, 0, 0, 0, 0, 0, 0
  @ LINE_EP, 0 : lpx+20, lpy-RAM, 0, 0, 0, 0, 0, 0, 0
  @ LINE_EP, 0 : -20, lpy-RAM, 0, 0, 0, 0, 0, 0, 0
  @ ENDPATH, 0 :
