@ ROUT, 0 : "144", 0, "1", 0, 0, "", 1, 18, -1, 0, 0, 0, 0, 0, 0, 0, 0, 0, 0, 0, 0, 0, 0, 0, 0, 0, 0, 0, 1, 0, 0, 0, 0, 1, 0, 0, 0, 0, 0, 1, 0, -1, 0, 5000, 18000, 0, 8000, "144", 103, 1, 0, 0, 90, 0, 0, 0, 0, 0, 0, 90, 0, 0, 0, 0, 0, 0, 0, 0, 0, 0, "", 0, 0, 0, 0, 0, 0, 0, 0, 0, "", 5, 0, 20, 80, 60, 0, "", "", "ROUT", 0, 1, 1, 0, 0, 0, 0, 0, 0, 0, 0, 0, 0, 0, 0, 0, 0, 2000, 0, 0.1, 0, 0, 0, 1, 110
  @ START_POINT, 0 : 71.5, 71.5, 0
  @ LINE_EP, 0 : -15, -15, 1.25, 0, 0, 0, 0, 0, 0
  @ LINE_EP, 0 : lpx+15, -15, 0, 0, 0, 0, 0, 0, 0
  @ LINE_EP, 0 : lpx-71.5, 71.5, 0, 0, 0, 0, 0, 0, 0
  @ LINE_EP, 0 : lpx-71.5, lpy-71.5, 0, 0, 0, 0, 0, 0, 0
  @ LINE_EP, 0 : lpx+15, lpy+15, 0, 0, 0, 0, 0, 0, 0
  @ LINE_EP, 0 : -15, lpy+15, 0, 0, 0, 0, 0, 0, 0
  @ LINE_EP, 0 : 71.5, lpy-71.5, 0, 0, 0, 0, 0, 0, 0
  @ LINE_EP, 0 : 71.5, 71.5, 0, 0, 0, 0, 0, 0, 0
  @ ENDPATH, 0 : 
