@ ROUT, 0 : "155", 0, "1", 0, 0, "", 1, 18, -1, 0, 0, 0, 0, 0, 0, 0, 0, 0, 0, 0, 0, 0, 0, 0, 0, 0, 0, 0, 1, 0, 0, 0, 0, 1, 0, 0, 0, 0, 0, 1, 0, -1, 0, 5000, 18000, 0, 8000, "155", 103, 1, 0, 0, 90, 0, 0, 0, 0, 0, 0, 90, 0, 0, 0, 0, 0, 0, 0, 0, 0, 0, "", 0, 0, 0, 0, 0, 0, 0, 0, 0, "", 5, 0, 20, 80, 60, 0, "", "", "ROUT", 0, 1, 1, 0, 0, 0, 0, 0, 0, 0, 0, 0, 0, 0, 0, 0, 0, 2000, 0, 0.1, 0, 0, 0, 1, 110
  @ START_POINT, 0 : RAMX+10, RAMY, 0
  @ LINE_EP, 0 : RAMX+60, RAMY, 0, 15.2, 0, 0, 0, 0, 0
  @ LINE_EP, 0 : lpx-RAMX, RAMY, 0, 0, 0, 0, 0, 0, 0
  @ ARC_EPRA, 0 : lpx-RAMX, lpy-RAMY, rRr, 1, 0, 0, 0, 0, 0, 0
  @ LINE_EP, 0 : RAMX, lpy-RAMY, 0, 0, 0, 0, 0, 0, 0
  @ ARC_EPRA, 0 : RAMX, RAMY, rRr, 1, 0, 0, 0, 0, 0, 1
  @ LINE_EP, 0 : RAMX+75, RAMY, 0, 0, 0, 0, 0, 0, 0
  @ LINE_EP, 0 : RAMX+95, RAMY, 0, -1, 0, 0, 0, 0, 0
  @ ENDPATH, 0 :
