@ ROUT, 0 : "155", 0, "1", 0, 0, "", 1, 18, -1, 0, 0, 0, 0, 0, 0, 0, 0, 0, 0, 0, 0, 0, 0, 0, 0, 0, 0, 0, 1, 0, 0, 0, 0, 1, 0, 0, 0, 0, 0, 1, 0, -1, 0, 5000, 18000, 0, 8000, "155", 103, 1, 0, 0, 90, 0, 0, 0, 0, 0, 0, 90, 0, 0, 0, 0, 0, 0, 0, 0, 0, 0, "", 0, 0, 0, 0, 0, 0, 0, 0, 0, "", 5, 0, 20, 80, 60, 0, "", "", "ROUT", 0, 1, 1, 0, 0, 0, 0, 0, 0, 0, 0, 0, 0, 0, 0, 0, 0, 2000, 0, 0.1, 0, 0, 0, 1, 110
  @ START_POINT, 0 : RAMY, lpy-RAMX-5, 0
  @ LINE_EP, 0 : RAMY, RAMX+15, 0, 15.2, 0, 0, 0, 0, 0
  @ LINE_EP, 0 : RAMY, RAMX, 0, 0, 0, 0, 0, 0, 0
  @ ARC_EPRA, 0 : lpx-RAMY, RAMX, rRr, 1, 0, 0, 0, 0, 0, 0
  @ LINE_EP, 0 : lpx-RAMY, Lpy-RAMX, 0, 0, 0, 0, 0, 0, 0
  @ ARC_EPRA, 0 : RAMY, Lpy-RAMX, rRr, 1, 0, 0, 0, 0, 0, 1
  @ LINE_EP, 0 : RAMY, RAMX+12, 0, 0, 0, 0, 0, 0, 0
  @ LINE_EP, 0 : RAMY, RAMX+5, 0, -1, 0, 0, 0, 0, 0
  @ ENDPATH, 0 :
