@ ROUT, 0 : "131", 0, "1", 0, 0, "", 1, 18, -1, 0, 0, 0, 0, 0, 0, 0, 0, 0, 0, 0, 0, 0, 0, 0, 0, 0, 0, 0, 1, 0, 0, 0, 0, 1, 0, 0, 0, 0, 0, 1, 0, -1, 0, 5000, 18000, 0, 8000, "131", 103, 1, 0, 0, 90, 0, 0, 0, 0, 0, 0, 90, 0, 0, 0, 0, 0, 0, 0, 0, 0, 0, "", 0, 0, 0, 0, 0, 0, 0, 0, 0, "", 5, 0, 20, 80, 60, 0, "", "", "ROUT", 0, 1, 1, 0, 0, 0, 0, 0, 0, 0, 0, 0, 0, 0, 0, 0, 0, 2000, 0, 0.1, 0, 0, 0, 1, 110
  @ START_POINT, 0 : RAMX+20, RAMY, 0
  @ LINE_EP, 0 : RAMX+120, RAMY, 0, 9, 0, 0, 0, 0, 0
  @ LINE_EP, 0 : lpx-RAMX, RAMY, 0, 0, 0, 0, 0, 0, 0
  @ LINE_EP, 0 : lpx-RAMX, lpy-RAMY, 0, 0, 0, 0, 0, 0, 0
  @ LINE_EP, 0 : RAMX, lpy-RAMY, 0, 0, 0, 0, 0, 0, 0
  @ LINE_EP, 0 : RAMX, RAMY, 0, 0, 0, 0, 0, 0, 0
  @ LINE_EP, 0 : RAMX+130, RAMY, 0, 0, 0, 0, 0, 0, 0
  @ LINE_EP, 0 : RAMX+160, RAMY, 0, -1, 0, 0, 0, 0, 0
  @ ENDPATH, 0 :
