11|1|1|12|21|41|300|250|0|0|0|0|0|0|0|0|0|0|0|0|0|
12|1|1|12|21|41|300|250|0|0|0|0|0|0|0|0|0|0|0|0|0|
13|1|1|12|21|41|300|250|0|0|0|0|0|0|0|0|0|0|0|0|0|
14|1|1|12|21|41|300|250|0|0|0|0|0|0|0|0|0|0|0|0|0|
16|1|0|14|БФ|41|100|100|0|0|0|0|0|0|0|0|0|0|0|0|0|
17|1|1|14|26|41|300|250|0|0|0|0|0|0|0|0|0|0|0|0|0|
18|1|1|14|26|41|300|250|0|0|0|0|0|0|0|0|0|0|0|0|0|
19|1|1|14|26+24|41|300|250|0|0|0|0|0|0|0|0|0|0|0|0|0|
20|1|1|12|21|41|300|250|0|0|0|0|0|0|0|0|0|0|0|0|0|
21|1|1|14|29|41|300|250|0|0|0|0|0|0|0|0|0|0|0|0|0|
22|1|1|14|26+24|41|300|250|0|0|0|0|0|0|0|0|0|0|0|0|0|
23|1|1|14|26|41|300|250|0|0|0|0|0|0|0|0|0|0|0|0|0|
24|1|1|14|26|41|300|250|0|0|0|0|0|0|0|0|0|0|0|0|0|
25|1|1|14|26|41|300|250|0|0|0|0|0|0|0|0|0|0|0|0|0|
26|1|1|14|26|41|300|250|0|0|0|0|0|0|0|0|0|0|0|0|0|
27|1|1|12|21|41|300|250|0|0|0|0|0|0|0|0|0|0|0|0|0|
28|1|1|12|21|41|280|0|0|0|0|0|0|0|0|0|0|0|0|0|0|
29|1|1|12|21|41|280|0|0|0|0|0|0|0|0|0|0|0|0|0|0|
30|1|1|11|30+28|41|300|250|0|0|0|0|0|0|0|0|0|0|0|0|0|
31|1|1|14|26|41|300|250|0|0|0|0|0|0|0|0|0|0|0|0|0|
32|1|1|12|21+28+29|41|300|250|0|0|0|0|0|0|0|0|0|0|0|0|0|
33|1|1|11|28|41|300|250|0|0|0|0|0|0|0|0|0|0|0|0|0|
34|1|1|12|21|41|300|250|0|0|0|0|0|0|0|0|0|0|0|0|0|
35|1|1|11|30+28|41|300|250|0|0|0|0|0|0|0|0|0|0|0|0|0|
51|1|0|11|ФП|41|300|250|0|0|0|0|0|0|0|0|0|0|0|0|0|
52|1|0|11|ФП|43|300|250|0|0|0|0|0|0|0|0|0|0|0|0|0|
53|1|0|11|ФП|43|300|250|0|0|0|0|0|0|0|0|0|0|0|0|0|
54|1|0|11|ФП|43|300|250|0|0|0|0|0|0|0|0|0|0|0|0|0|
55|1|0|11|ФП|43|300|250|0|0|0|0|0|0|0|0|0|0|0|0|0|
56|1|0|11|ФП|43|300|250|0|0|0|0|0|0|0|0|0|0|0|0|0|
57|1|0|11|ФП|43|300|250|0|0|0|0|0|0|0|0|0|0|0|0|0|
58|1|0|11|ФП|43|300|250|0|0|0|0|0|0|0|0|0|0|0|0|0|
59|1|0|11|ФП|43|300|250|0|0|0|0|0|0|0|0|0|0|0|0|0|
60|1|0|11|ФП|43|300|250|0|0|0|0|0|0|0|0|0|0|0|0|0|
62|1|0|11|ФП|43|300|250|0|0|0|0|0|0|0|0|0|0|0|0|0|
63|1|0|11|ФП|43|300|250|0|0|0|0|0|0|0|0|0|0|0|0|0|
64|1|0|11|ФП|43|300|250|0|0|0|0|0|0|0|0|0|0|0|0|0|
65|1|0|11|ФП|43|300|250|0|0|0|0|0|0|0|0|0|0|0|0|0|
66|1|0|11|ФП|43|300|250|0|0|0|0|0|0|0|0|0|0|0|200|0|
67|1|0|11|ФП|43|300|250|0|0|0|0|0|0|0|0|0|0|0|150|0|
68|1|0|11|ФП|43|300|250|0|0|0|0|0|0|0|0|0|0|0|0|0|
69|1|0|11|ФП|43|300|250|0|0|0|0|0|0|0|0|0|0|0|200|0|
70|1|0|11|ФП|43|300|250|0|0|0|0|0|0|0|0|0|0|0|200|0|
71|1|0|11|ФП|43|300|250|0|0|0|0|0|0|0|0|0|0|0|0|0|
72|1|0|11|ФП|43|300|250|0|0|0|0|0|0|0|0|0|0|0|0|0|
73|1|0|11|ФП|43|300|250|0|0|0|0|0|0|0|0|0|0|0|0|0|
74|1|0|18|ФП|43|300|250|0|0|0|0|0|0|0|0|0|0|0|800|0|
75|1|0|18|ФП|43|300|250|0|0|0|0|0|0|0|0|0|0|0|800|0|
76|1|0|18|ФП|43|300|250|0|0|0|0|0|0|0|0|0|0|0|800|0|
77|1|0|18|ФП|43|300|250|0|0|0|0|0|0|0|0|0|0|0|800|0|
91|1|0|11|ФП|43|300|250|0|0|0|0|0|0|0|0|0|0|0|0|0|
92|1|0|11|ФП|43|300|250|0|0|0|0|0|0|0|0|0|0|0|0|0|
93|1|0|11|ФП|43|300|250|0|0|0|0|0|0|0|0|0|0|0|0|0|
94|1|0|11|ФП|43|300|250|0|0|0|0|0|0|0|0|0|0|0|0|0|
95|1|0|11|ФП|43|300|250|0|0|0|0|0|0|0|0|0|0|0|0|0|
96|1|0|11|ФП|43|300|250|0|0|0|0|0|0|0|0|0|0|0|500|0|
97|1|0|11|ФП|43|300|250|0|0|0|0|0|0|0|0|0|0|0|500|0|
98|1|0|11|ФП|43|300|250|0|0|0|0|0|0|0|0|0|0|0|500|0|
99|1|0|11|ФП|43|300|250|0|0|0|0|0|0|0|0|0|0|0|0|0|
100|1|0|11|ФП|43|300|250|0|0|0|0|0|0|0|0|0|0|0|500|0|
103|1|0|11|ФП|43|300|250|0|0|0|0|0|0|0|0|0|0|0|500|0|
104|1|0|11|ФП|43|300|250|0|0|0|0|0|0|0|0|0|0|0|0|0|
105|1|0|11|ФП|43|300|250|0|0|0|0|0|0|0|0|0|0|0|0|0|
106|1|0|11|ФП|43|300|250|0|0|0|0|0|0|0|0|0|0|0|0|0|
107|1|0|11|ФП|43|300|250|0|0|0|0|0|0|0|0|0|0|0|500|0|
108|1|0|11|ФП|43|300|250|0|0|0|0|0|0|0|0|0|0|0|500|0|
109|1|0|11|ФП|43|300|250|0|0|0|0|0|0|0|0|0|0|0|0|0|
110|1|0|11|ФП|43|300|250|0|0|0|0|0|0|0|0|0|0|0|500|0|
111|1|0|11|ФП|43|300|250|0|0|0|0|0|0|0|0|0|0|0|0|0|
112|1|0|11|ФП|43|300|250|0|0|0|0|0|0|0|0|0|0|0|0|0|
113|1|0|11|ФП|43|300|250|0|0|0|0|0|0|0|0|0|0|0|500|0|
114|1|0|11|ФП|43|300|250|0|0|0|0|0|0|0|0|0|0|0|0|0|
115|1|0|11|ФП|43|300|250|0|0|0|0|0|0|0|0|0|0|0|0|0|
116|1|0|11|ФП|43|300|250|0|0|0|0|0|0|0|0|0|0|0|0|0|
117|1|0|11|ФП|43|300|250|0|0|0|0|0|0|0|0|0|0|0|500|0|
118|1|0|11|ФП|43|300|250|0|0|0|0|0|0|0|0|0|0|0|0|0|
119|1|0|11|ФП|43|300|250|0|0|0|0|0|0|0|0|0|0|0|500|0|