@ ROUT, 0 : "frez", 0, "1", 0, glubina, "", 1, 18, -1, 0, 0, 0, 0, 0, 0, 0, 0, 0, 0, 0, 0, 0, 0, skvoz, 0, 0, 0, 0, 1, 0, 0, 0, 0, 1, 0, -3, 0, 0, 0, 1, 0, -1, 0, 0, 18000, 3000, 8000, "frez", 103, 1, 1, 1, 90, 1, 0, 0, 0, 0, 1, 90, 1, 0, 0, 0, 0, 0, 0, 0, 100, 0, "", 0, 0, 0, 0, 0, 0, 0, 0, 0, "", 5, 0, 20, 80, 60, 0, "", "", "ROUT", 0, 1, 1, 0, 0, 0, 0, 0, 0, 0, 0, 0, 0, 0, 0, 0, 0, 2000, 0, 0.1, 0, 0, 0, 1, 110
  @ START_POINT, 0 : 0, LPY/2, 0
  @ LINE_EP, 0 : 0, R3R, 0, 0, 0, 0, 0, 0, 0
  @ ARC_EPRA, 0 : R3R, 0, R3R, 1, 0, 0, 0, 0, 0, 0
  @ LINE_EP, 0 : LPX-R4R, 0, 0, 0, 0, 0, 0, 0, 0
  @ ARC_EPRA, 0 : LPX, R4R, R4R, 1, 0, 0, 0, 0, 0, 0
  @ LINE_EP, 0 : LPX, LPY-R1R, 0, 0, 0, 0, 0, 0, 0
  @ ARC_EPRA, 0 : LPX-R1R, LPY, R1R, 1, 0, 0, 0, 0, 0, 1
  @ LINE_EP, 0 : R2R, LPY, 0, 0, 0, 0, 0, 0, 0
  @ ARC_EPRA, 0 : 0, LPY-R2R, R2R, 1, 0, 0, 0, 0, 0, 1
  @ LINE_EP, 0 : 0, LPY/2, 0, 0, 0, 0, 0, 0, 0
  @ ENDPATH, 0 