@ ROUT, 0 : "150_2", 0, "1", 0, 0, "", 1, 18, -1, 0, 0, 0, 0, 0, 0, 0, 0, 0, 0, 0, 0, 0, 0, 0, 0, 0, 0, 0, 1, 0, 0, 0, 0, 1, 0, 0, 0, 0, 0, 1, 0, -1, 0, 5000, 18000, 0, 8000, "150", 103, 1, 0, 0, 90, 0, 0, 0, 0, 0, 0, 90, 0, 0, 0, 0, 0, 0, 0, 0, 0, 0, "", 0, 0, 0, 0, 0, 0, 0, 0, 0, "", 5, 0, 20, 80, 60, 0, "", "", "ROUT", 0, 1, 1, 0, 0, 0, 0, 0, 0, 0, 0, 0, 0, 0, 0, 0, 0, 2000, 0, 0.1, 0, 0, 0, 1, 110
  @ START_POINT, 0 : OBV2+20, OBV2, 0
  @ LINE_EP, 0 : lpx-OBV2, OBV2, 2, 0, 0, 0, 0, 0, 0
  @ LINE_EP, 0 : lpx-OBV2, lpy-OBV2, 0, 0, 0, 0, 0, 0, 0
  @ LINE_EP, 0 : OBV2, lpy-OBV2, 0, 0, 0, 0, 0, 0, 0
  @ LINE_EP, 0 : OBV2, OBV2, 0, 0, 0, 0, 0, 0, 0
  @ LINE_EP, 0 : OBV2+30, OBV2, 0, 0, 0, 0, 0, 0, 0
  @ LINE_EP, 0 : OBV2+60, OBV2, 0, -1, 0, 0, 0, 0, 0
  @ ENDPATH, 0 :  
  
' kray18

@ ROUT, 0 : "144_3", 0, "1", 0, 0, "", 1, 18, -1, 0, 0, 0, 0, 0, 0, 0, 0, 0, 0, 0, 0, 0, 0, 0, 0, 0, 0, 0, 1, 0, 0, 0, 0, 1, 0, 0, 0, 0, 0, 1, 0, -1, 0, 5000, 18000, 0, 8000, "144", 103, 1, 0, 0, 90, 0, 0, 0, 0, 0, 0, 90, 0, 0, 0, 0, 0, 0, 0, 0, 0, 0, "", 0, 0, 0, 0, 0, 0, 0, 0, 0, "", 5, 0, 20, 80, 60, 0, "", "", "ROUT", 0, 1, 1, 0, 0, 0, 0, 0, 0, 0, 0, 0, 0, 0, 0, 0, 0, 2000, 0, 0.1, 0, 0, 0, 1, 110
  @ START_POINT, 0 : (OBV2-(OBV3-OBV6))+20, (OBV2-(OBV3-OBV6)), 0
  @ LINE_EP, 0 : lpx-(OBV2-(OBV3-OBV6)), (OBV2-(OBV3-OBV6)), 2, 0, 0, 0, 0, 0, 0
  @ LINE_EP, 0 : lpx-(OBV2-(OBV3-OBV6))+5, (OBV2-(OBV3-OBV6))-5, 0, -5, 0, 0, 0, 0, 0
  @ LINE_EP, 0 : lpx-(OBV2-(OBV3-OBV6)), (OBV2-(OBV3-OBV6)), 0, 5, 0, 0, 0, 0, 0
  @ LINE_EP, 0 : lpx-(OBV2-(OBV3-OBV6)), lpy-(OBV2-(OBV3-OBV6)), 0, 0, 0, 0, 0, 0, 0
  @ LINE_EP, 0 : lpx-(OBV2-(OBV3-OBV6))+5, lpy-(OBV2-(OBV3-OBV6))+5, 0, -5, 0, 0, 0, 0, 0
  @ LINE_EP, 0 : lpx-(OBV2-(OBV3-OBV6)), lpy-(OBV2-(OBV3-OBV6)), 0, 5, 0, 0, 0, 0, 0
  @ LINE_EP, 0 : (OBV2-(OBV3-OBV6)), lpy-(OBV2-(OBV3-OBV6)), 0, 0, 0, 0, 0, 0, 0
  @ LINE_EP, 0 : (OBV2-(OBV3-OBV6))-5, lpy-(OBV2-(OBV3-OBV6))+5, 0, -5, 0, 0, 0, 0, 0
  @ LINE_EP, 0 : (OBV2-(OBV3-OBV6)), lpy-(OBV2-(OBV3-OBV6)), 0, 5, 0, 0, 0, 0, 0
  @ LINE_EP, 0 : (OBV2-(OBV3-OBV6)), (OBV2-(OBV3-OBV6)), 0, 0, 0, 0, 0, 0, 0
  @ LINE_EP, 0 : (OBV2-(OBV3-OBV6))-5, (OBV2-(OBV3-OBV6))-5, 0, -5, 0, 0, 0, 0, 0
  @ LINE_EP, 0 : (OBV2-(OBV3-OBV6)), (OBV2-(OBV3-OBV6)), 0, 5, 0, 0, 0, 0, 0
  @ LINE_EP, 0 : (OBV2-(OBV3-OBV6))+30, (OBV2-(OBV3-OBV6)), 0, 0, 0, 0, 0, 0, 0
  @ LINE_EP, 0 : (OBV2-(OBV3-OBV6))+60, (OBV2-(OBV3-OBV6)), 0, -1, 0, 0, 0, 0, 0
  @ ENDPATH, 0 :
  
' ROUT, 0 : "144_1", 0, "1", 0, 0, "", 1, 18, -1, 0, 0, 0, 0, 0, 0, 0, 0, 0, 0, 0, 0, 0, 0, 0, 0, 0, 0, 0, 1, 0, 0, 0, 0, 1, 0, 0, 0, 0, 0, 1, 0, -1, 0, 5000, 18000, 0, 8000, "144", 103, 1, 0, 0, 90, 0, 0, 0, 0, 0, 0, 90, 0, 0, 0, 0, 0, 0, 0, 0, 0, 0, "", 0, 0, 0, 0, 0, 0, 0, 0, 0, "", 5, 0, 20, 80, 60, 0, "", "", "ROUT", 0, 1, 1, 0, 0, 0, 0, 0, 0, 0, 0, 0, 0, 0, 0, 0, 0, 2000, 0, 0.1, 0, 0, 0, 1, 110
  @ START_POINT, 0 : (OBV0+RAMX), (OBV0+RAMY), 0
  @ LINE_EP, 0 : OBV2, OBV2, 1.25, 0, 0, 0, 0, 0, 0
  @ LINE_EP, 0 : lpx-OBV2, OBV2, 0, 0, 0, 0, 0, 0, 0
  @ LINE_EP, 0 : lpx-(OBV0+RAMX), (OBV0+RAMY), 0, 0, 0, 0, 0, 0, 0
  @ LINE_EP, 0 : lpx-(OBV0+RAMX), lpy-(OBV0+RAMY), 0, 0, 0, 0, 0, 0, 0
  @ LINE_EP, 0 : lpx-OBV2, lpy-OBV2, 0, 0, 0, 0, 0, 0, 0
  @ LINE_EP, 0 : OBV2, lpy-OBV2, 0, 0, 0, 0, 0, 0, 0
  @ LINE_EP, 0 : (OBV0+RAMX), lpy-(OBV0+RAMY), 0, 0, 0, 0, 0, 0, 0
  @ LINE_EP, 0 : (OBV0+RAMX), (OBV0+RAMY), 0, 0, 0, 0, 0, 0, 0
  @ ENDPATH, 0 : 
  
@ ROUT, 0 : "132", 0, "1", 0, 0, "", 1, 18, -1, 0, 0, 0, 0, 0, 0, 0, 0, 0, 0, 0, 0, 0, 0, 0, 0, 0, 0, 0, 1, 0, 0, 0, 0, 1, 0, 0, 0, 0, 0, 1, 0, -1, 0, 5000, 18000, 0, 8000, "132", 103, 1, 0, 0, 90, 0, 0, 0, 0, 0, 0, 90, 0, 0, 0, 0, 0, 0, 0, 0, 0, 0, "", 0, 0, 0, 0, 0, 0, 0, 0, 0, "", 5, 0, 20, 80, 60, 0, "", "", "ROUT", 0, 1, 1, 0, 0, 0, 0, 0, 0, 0, 0, 0, 0, 0, 0, 0, 0, 2000, 0, 0.1, 0, 0, 0, 1, 110
'vib1
  @ ENDPATH, 0 :

@ ROUT, 0 : "132", 0, "1", 0, 0, "", 1, 18, -1, 0, 0, 0, 0, 0, 0, 0, 0, 0, 0, 0, 0, 0, 0, 0, 0, 0, 0, 0, 1, 0, 0, 0, 0, 1, 0, 0, 0, 0, 0, 1, 0, -1, 0, 5000, 18000, 0, 8000, "132", 103, 1, 0, 0, 90, 0, 0, 0, 0, 0, 0, 90, 0, 0, 0, 0, 0, 0, 0, 0, 0, 0, "", 0, 0, 0, 0, 0, 0, 0, 0, 0, "", 5, 0, 20, 80, 60, 0, "", "", "ROUT", 0, 1, 1, 0, 0, 0, 0, 0, 0, 0, 0, 0, 0, 0, 0, 0, 0, 2000, 0, 0.1, 0, 0, 0, 1, 110
  @ START_POINT, 0 : RAMX+OBV1+10, RAMY+OBV1, 0
  @ LINE_EP, 0 : RAMX+OBV1+80, RAMY+OBV1, 0, 10.001, 0, 0, 0, 0, 0
  @ LINE_EP, 0 : lpx-RAMX-OBV1, RAMY+OBV1, 0, 0, 0, 0, 0, 0, 0
  @ LINE_EP, 0 : lpx-RAMX-OBV1, lpy-RAMY-OBV1, 0, 0, 0, 0, 0, 0, 0
  @ LINE_EP, 0 : RAMX+OBV1, lpy-RAMY-OBV1, 0, 0, 0, 0, 0, 0, 0
  @ LINE_EP, 0 : RAMX+OBV1, RAMY+OBV1, 0, 0, 0, 0, 0, 0, 0
  @ LINE_EP, 0 : RAMX+OBV1+90, RAMY+OBV1, 0, 0, 0, 0, 0, 0, 0
  @ LINE_EP, 0 : RAMX+OBV1+110, RAMY+OBV1, 0, -1, 0, 0, 0, 0, 0
  @ ENDPATH, 0 :  
  
@ ROUT, 0 : "134", 0, "1", 0, 0, "", 1, 18, -1, 0, 0, 0, 0, 0, 0, 0, 0, 0, 0, 0, 0, 0, 0, 0, 0, 0, 0, 0, 1, 0, 0, 0, 0, 1, 0, 0, 0, 0, 0, 1, 0, -1, 0, 5000, 18000, 0, 8000, "134", 103, 1, 0, 0, 90, 0, 0, 0, 0, 0, 0, 90, 0, 0, 0, 0, 0, 0, 0, 0, 0, 0, "", 0, 0, 0, 0, 0, 0, 0, 0, 0, "", 5, 0, 20, 80, 60, 0, "", "", "ROUT", 0, 1, 1, 0, 0, 0, 0, 0, 0, 0, 0, 0, 0, 0, 0, 0, 0, 2000, 0, 0.1, 0, 0, 0, 1, 110
  @ START_POINT, 0 : RAMX+OBV7+10, RAMY+OBV7, 0
  @ LINE_EP, 0 : RAMX+OBV7+80, RAMY+OBV7, 0, 10.001, 0, 0, 0, 0, 0
  @ LINE_EP, 0 : lpx-RAMX-OBV7, RAMY+OBV7, 0, 0, 0, 0, 0, 0, 0
  @ LINE_EP, 0 : lpx-RAMX-OBV7, lpy-RAMY-OBV7, 0, 0, 0, 0, 0, 0, 0
  @ LINE_EP, 0 : RAMX+OBV7, lpy-RAMY-OBV7, 0, 0, 0, 0, 0, 0, 0
  @ LINE_EP, 0 : RAMX+OBV7, RAMY+OBV7, 0, 0, 0, 0, 0, 0, 0
  @ LINE_EP, 0 : RAMX+OBV7+90, RAMY+OBV7, 0, 0, 0, 0, 0, 0, 0
  @ LINE_EP, 0 : RAMX+OBV7+110, RAMY+OBV7, 0, -1, 0, 0, 0, 0, 0
  @ ENDPATH, 0 :
  
@ ROUT, 0 : "163", 0, "1", 0, 0, "", 1, 18, -1, 0, 0, 0, 0, 0, 0, 0, 0, 0, 0, 0, 0, 0, 0, 0, 0, 0, 0, 0, 1, 0, 0, 0, 0, 1, 0, 0, 0, 0, 0, 1, 0, -1, 0, 5000, 18000, 0, 8000, "163", 103, 1, 0, 0, 90, 0, 0, 0, 0, 0, 0, 90, 0, 0, 0, 0, 0, 0, 0, 0, 0, 0, "", 0, 0, 0, 0, 0, 0, 0, 0, 0, "", 5, 0, 20, 80, 60, 0, "", "", "ROUT", 0, 1, 1, 0, 0, 0, 0, 0, 0, 0, 0, 0, 0, 0, 0, 0, 0, 2000, 0, 0.1, 0, 0, 0, 1, 110
  @ START_POINT, 0 : RAMX+OBV4+20, RAMY+OBV4, 0
  @ LINE_EP, 0 : lpx-RAMX-OBV4, RAMY+OBV4, 7, 0, 0, 0, 0, 0, 0
  @ LINE_EP, 0 : lpx-RAMX-OBV4+17.3205, RAMY+OBV4-17.3205, 0, -10, 0, 0, 0, 0, 0
  @ LINE_EP, 0 : lpx-RAMX-OBV4, RAMY+OBV4, 0, 10, 0, 0, 0, 0, 0
  @ LINE_EP, 0 : lpx-RAMX-OBV4, lpy-RAMY-OBV4, 0, 0, 0, 0, 0, 0, 0
  @ LINE_EP, 0 : lpx-RAMX-OBV4+17.3205, lpy-RAMY-OBV4+17.3205, 0, -10, 0, 0, 0, 0, 0
  @ LINE_EP, 0 : lpx-RAMX-OBV4, lpy-RAMY-OBV4, 0, 10, 0, 0, 0, 0, 0
  @ LINE_EP, 0 : RAMX+OBV4, lpy-RAMY-OBV4, 0, 0, 0, 0, 0, 0, 0
  @ LINE_EP, 0 : RAMX+OBV4-17.3205, lpy-RAMY-OBV4+17.3205, 0, -10, 0, 0, 0, 0, 0
  @ LINE_EP, 0 : RAMX+OBV4, lpy-RAMY-OBV4, 0, 10, 0, 0, 0, 0, 0
  @ LINE_EP, 0 : RAMX+OBV4, RAMY+OBV4, 0, 0, 0, 0, 0, 0, 0
  @ LINE_EP, 0 : RAMX+OBV4-17.3205, RAMY+OBV4-17.3205, 0, -10, 0, 0, 0, 0, 0
  @ LINE_EP, 0 : RAMX+OBV4, RAMY+OBV4, 0, 10, 0, 0, 0, 0, 0
  @ LINE_EP, 0 : RAMX+OBV4+30, RAMY+OBV4, 0, 0, 0, 0, 0, 0, 0
  @ LINE_EP, 0 : RAMX+OBV4+60, RAMY+OBV4, 0, -1, 0, 0, 0, 0, 0
  @ ENDPATH, 0 :
  