@ ROUT, 0 : "136_2", 0, "1", 0, 0, "", 1, 18, -1, 0, 0, 0, 0, 0, 0, 0, 0, 0, 0, 0, 0, 0, 0, 0, 0, 0, 0, 0, 1, 0, 0, 0, 0, 1, 0, 0, 0, 0, 0, 1, 0, -1, 0, 5000, 18000, 0, 8000, "136", 103, 1, 0, 0, 90, 0, 0, 0, 0, 0, 0, 90, 0, 0, 0, 0, 0, 0, 0, 0, 0, 0, "", 0, 0, 0, 0, 0, 0, 0, 0, 0, "", 5, 0, 20, 80, 60, 0, "", "", "ROUT", 0, 1, 1, 0, 0, 0, 0, 0, 0, 0, 0, 0, 0, 0, 0, 0, 0, 2000, 0, 0.1, 0, 0, 0, 1, 110
  @ START_POINT, 0 : RAMX+10, RAMY, 0
  @ LINE_EP, 0 : lpx-RAMX, RAMY, 2, 0, 0, 0, 0, 0, 0
  @ LINE_EP, 0 : lpx-RAMX, RAMK, 0, 0, 0, 0, 0, 0, 0
  @ ARC_EPRA, 0 : lpx-RAMX+tx0, RAMK+ty0, rRr1, 2, 0, 0, 0, 0, 0, 1
  @ ARC_EPRA, 0 : lpx-RAMX+tx0, lpy-RAMK-ty0, rRr2, 1, 0, 0, 0, 0, 0, 0
  @ ARC_EPRA, 0 : lpx-RAMX, lpy-RAMK, rRr1, 2, 0, 0, 0, 0, 0, 0
  @ LINE_EP, 0 : lpx-RAMX, lpy-RAMY, 0, 0, 0, 0, 0, 0, 0
  @ LINE_EP, 0 : RAMX, lpy-RAMY, 0, 0, 0, 0, 0, 0, 0
  @ LINE_EP, 0 : RAMX, lpy-RAMK, 0, 0, 0, 0, 0, 0, 0
  @ ARC_EPRA, 0 : RAMX-tx0, lpy-RAMK-ty0, rRr1, 2, 0, 0, 0, 0, 0, 0
  @ ARC_EPRA, 0 : RAMX-tx0, RAMK+ty0, rRr2, 1, 0, 0, 0, 0, 0, 1
  @ ARC_EPRA, 0 : RAMX, RAMK, rRr1, 2, 0, 0, 0, 0, 0, 1
  @ LINE_EP, 0 : RAMX, RAMY, 0, 0, 0, 0, 0, 0, 0
  @ LINE_EP, 0 : RAMX+30, RAMY, 0, 0, 0, 0, 0, 0, 0
  @ LINE_EP, 0 : RAMX+60, RAMY, 0, -1, 0, 0, 0, 0, 0
  @ ENDPATH, 0 :

@ ROUT, 0 : "136_3", 0, "1", 0, 0, "", 1, 18, -1, 0, 0, 0, 0, 0, 0, 0, 0, 0, 0, 0, 0, 0, 0, 0, 0, 0, 0, 0, 1, 0, 0, 0, 0, 1, 0, 0, 0, 0, 0, 1, 0, -1, 0, 5000, 18000, 0, 8000, "136", 103, 1, 0, 0, 90, 0, 0, 0, 0, 0, 0, 90, 0, 0, 0, 0, 0, 0, 0, 0, 0, 0, "", 0, 0, 0, 0, 0, 0, 0, 0, 0, "", 5, 0, 20, 80, 60, 0, "", "", "ROUT", 0, 1, 1, 0, 0, 0, 0, 0, 0, 0, 0, 0, 0, 0, 0, 0, 0, 2000, 0, 0.1, 0, 0, 0, 1, 110
  @ START_POINT, 0 : KANT+20, KANT, 0
  @ LINE_EP, 0 : lpx-KANT, KANT, 1.5, 0, 0, 0, 0, 0, 0
  @ LINE_EP, 0 : lpx-KANT, lpy-KANT, 0, 0, 0, 0, 0, 0, 0
  @ LINE_EP, 0 : KANT, lpy-KANT, 0, 0, 0, 0, 0, 0, 0
  @ LINE_EP, 0 : KANT, KANT, 0, 0, 0, 0, 0, 0, 0
  @ LINE_EP, 0 : KANT+30, KANT, 0, 0, 0, 0, 0, 0, 0
  @ LINE_EP, 0 : KANT+50, KANT, 0, -1, 0, 0, 0, 0, 0
  @ ENDPATH, 0 : 

@ ROUT, 0 : "144_1", 0, "1", 0, 0, "", 1, 18, -1, 0, 0, 0, 0, 0, 0, 0, 0, 0, 0, 0, 0, 0, 0, 0, 0, 0, 0, 0, 1, 0, 0, 0, 0, 1, 0, 0, 0, 0, 0, 1, 0, -1, 0, 5000, 18000, 0, 8000, "144", 103, 1, 0, 0, 90, 0, 0, 0, 0, 0, 0, 90, 0, 0, 0, 0, 0, 0, 0, 0, 0, 0, "", 0, 0, 0, 0, 0, 0, 0, 0, 0, "", 5, 0, 20, 80, 60, 0, "", "", "ROUT", 0, 1, 1, 0, 0, 0, 0, 0, 0, 0, 0, 0, 0, 0, 0, 0, 0, 2000, 0, 0.1, 0, 0, 0, 1, 110
  @ START_POINT, 0 : RAMX, RAMY, 0
  @ LINE_EP, 0 : RAMX-3, RAMY-3, 1, 0, 0, 0, 0, 0, 0
  @ LINE_EP, 0 : -15, RAMY-T_3, 0, 0, 0, 0, 0, 0, 0
  @ LINE_EP, 0 : -15, lpy-RAMY+T_3, 0, 0, 0, 0, 0, 0, 0
  @ LINE_EP, 0 : RAMX-3, lpy-RAMY+T_3, 0, 0, 0, 0, 0, 0, 0
  @ LINE_EP, 0 : RAMX, lpy-RAMY, 0, 0, 0, 0, 0, 0, 0
  @ ENDPATH, 0 : 
  
@ ROUT, 0 : "144_1", 0, "1", 0, 0, "", 1, 18, -1, 0, 0, 0, 0, 0, 0, 0, 0, 0, 0, 0, 0, 0, 0, 0, 0, 0, 0, 0, 1, 0, 0, 0, 0, 1, 0, 0, 0, 0, 0, 1, 0, -1, 0, 5000, 18000, 0, 8000, "144", 103, 1, 0, 0, 90, 0, 0, 0, 0, 0, 0, 90, 0, 0, 0, 0, 0, 0, 0, 0, 0, 0, "", 0, 0, 0, 0, 0, 0, 0, 0, 0, "", 5, 0, 20, 80, 60, 0, "", "", "ROUT", 0, 1, 1, 0, 0, 0, 0, 0, 0, 0, 0, 0, 0, 0, 0, 0, 0, 2000, 0, 0.1, 0, 0, 0, 1, 110
  @ START_POINT, 0 : lpx-RAMX, RAMY, 0
  @ LINE_EP, 0 : lpx-RAMX+3, RAMY-3, 1, 0, 0, 0, 0, 0, 0
  @ LINE_EP, 0 : lpx+15, RAMY-T_3, 0, 0, 0, 0, 0, 0, 0
  @ LINE_EP, 0 : lpx+15, lpy-RAMY+T_3, 0, 0, 0, 0, 0, 0, 0
  @ LINE_EP, 0 : lpx-RAMX+3, lpy-RAMY+T_3, 0, 0, 0, 0, 0, 0, 0
  @ LINE_EP, 0 : lpx-RAMX, lpy-RAMY, 0, 0, 0, 0, 0, 0, 0
  @ ENDPATH, 0 :
  
' kray18  
