@ ROUT, 0 : "136_1", 0, "1", 0, 0, "", 1, 18, -1, 0, 0, 0, 0, 0, 0, 0, 0, 0, 0, 0, 0, 0, 0, 0, 0, 0, 0, 0, 1, 0, 0, 0, 0, 1, 0, 0, 0, 0, 0, 1, 0, -1, 0, 5000, 18000, 0, 8000, "136", 103, 1, 0, 0, 90, 0, 0, 0, 0, 0, 0, 90, 0, 0, 0, 0, 0, 0, 0, 0, 0, 0, "", 0, 0, 0, 0, 0, 0, 0, 0, 0, "", 5, 0, 20, 80, 60, 0, "", "", "ROUT", 0, 1, 1, 0, 0, 0, 0, 0, 0, 0, 0, 0, 0, 0, 0, 0, 0, 2000, 0, 0.1, 0, 0, 0, 1, 110
  @ START_POINT, 0 : RAMY+OBV0, lpy-h0-5, 0
  @ LINE_EP, 0 : RAMY+OBV0, h0, 2, 0, 0, 0, 0, 0, 0
  @ LINE_EP, 0 : RAM0, h0, 0, 0, 0, 0, 0, 0, 0
  @ ARC_EPRA, 0 : kory0, korx0, rRr1+OBV0, 2, 0, 0, 0, 0, 0, 1
  @ ARC_EPRA, 0 : lpx-kory0, korx0, rRr2-OBV0, 1, 0, 0, 0, 0, 0, 0
  @ ARC_EPRA, 0 : lpx-RAM0, h0, rRr1+OBV0, 2, 0, 0, 0, 0, 0, 1
  @ LINE_EP, 0 : lpx-RAMY-OBV0, h0, 0, 0, 0, 0, 0, 0, 0
  @ LINE_EP, 0 : lpx-RAMY-OBV0, lpy-h0, 0, 0, 0, 0, 0, 0, 0
  @ LINE_EP, 0 : lpx-RAM0, lpy-h0, 0, 0, 0, 0, 0, 0, 0
  @ ARC_EPRA, 0 : lpx-kory0, lpy-korx0, rRr1+OBV0, 2, 0, 0, 0, 0, 0, 0
  @ ARC_EPRA, 0 : kory0, lpy-korx0, rRr2-OBV0, 1, 0, 0, 0, 0, 0, 1
  @ ARC_EPRA, 0 : RAM0, lpy-h0, rRr1+OBV0, 2, 0, 0, 0, 0, 0, 0
  @ LINE_EP, 0 : RAMY+OBV0, lpy-h0, 0, 0, 0, 0, 0, 0, 0
  @ LINE_EP, 0 : RAMY+OBV0, lpy-h0-10, 0, 0, 0, 0, 0, 0, 0
  @ LINE_EP, 0 : RAMY+OBV0, lpy-h0-15, 0, -1, 0, 0, 0, 0, 0
  @ ENDPATH, 0 : 

@ ROUT, 0 : "136_2", 0, "1", 0, 0, "", 1, 18, -1, 0, 0, 0, 0, 0, 0, 0, 0, 0, 0, 0, 0, 0, 0, 0, 0, 0, 0, 0, 1, 0, 0, 0, 0, 1, 0, 0, 0, 0, 0, 1, 0, -1, 0, 5000, 18000, 0, 8000, "136", 103, 1, 0, 0, 90, 0, 0, 0, 0, 0, 0, 90, 0, 0, 0, 0, 0, 0, 0, 0, 0, 0, "", 0, 0, 0, 0, 0, 0, 0, 0, 0, "", 5, 0, 20, 80, 60, 0, "", "", "ROUT", 0, 1, 1, 0, 0, 0, 0, 0, 0, 0, 0, 0, 0, 0, 0, 0, 0, 2000, 0, 0.1, 0, 0, 0, 1, 110
  @ START_POINT, 0 : RAMY, lpy-RAMX-5, 0
  @ LINE_EP, 0 : RAMY, RAMX, 2, 0, 0, 0, 0, 0, 0
  @ LINE_EP, 0 : RAMK, RAMX, 0, 0, 0, 0, 0, 0, 0
  @ ARC_EPRA, 0 : RAMK+ty0, RAMX-tx0, rRr1, 2, 0, 0, 0, 0, 0, 1
  @ ARC_EPRA, 0 : lpx-(RAMK+ty0), RAMX-tx0, rRr2, 1, 0, 0, 0, 0, 0, 0
  @ ARC_EPRA, 0 : lpx-RAMK, RAMX, rRr1, 2, 0, 0, 0, 0, 0, 1
  @ LINE_EP, 0 : lpx-RAMY, RAMX, 0, 0, 0, 0, 0, 0, 0
  @ LINE_EP, 0 : lpx-RAMY, lpy-RAMX, 0, 0, 0, 0, 0, 0, 0
  @ LINE_EP, 0 : lpx-RAMK, lpy-RAMX, 0, 0, 0, 0, 0, 0, 0
  @ ARC_EPRA, 0 : lpx-RAMK-ty0, lpy-RAMX+tx0, rRr1, 2, 0, 0, 0, 0, 0, 0
  @ ARC_EPRA, 0 : RAMK+ty0, lpy-RAMX+tx0, rRr2, 1, 0, 0, 0, 0, 0, 1
  @ ARC_EPRA, 0 : RAMK, lpy-RAMX, rRr1, 2, 0, 0, 0, 0, 0, 0
  @ LINE_EP, 0 : RAMY, lpy-RAMX, 0, 0, 0, 0, 0, 0, 0
  @ LINE_EP, 0 : RAMY, lpy-RAMX-10, 0, 0, 0, 0, 0, 0, 0
  @ LINE_EP, 0 : RAMY, lpy-RAMX-15, 0, -1, 0, 0, 0, 0, 0
  @ ENDPATH, 0 :
  
@ ROUT, 0 : "136_3", 0, "1", 0, 0, "", 1, 18, -1, 0, 0, 0, 0, 0, 0, 0, 0, 0, 0, 0, 0, 0, 0, 0, 0, 0, 0, 0, 1, 0, 0, 0, 0, 1, 0, 0, 0, 0, 0, 1, 0, -1, 0, 5000, 18000, 0, 8000, "136", 103, 1, 0, 0, 90, 0, 0, 0, 0, 0, 0, 90, 0, 0, 0, 0, 0, 0, 0, 0, 0, 0, "", 0, 0, 0, 0, 0, 0, 0, 0, 0, "", 5, 0, 20, 80, 60, 0, "", "", "ROUT", 0, 1, 1, 0, 0, 0, 0, 0, 0, 0, 0, 0, 0, 0, 0, 0, 0, 2000, 0, 0.1, 0, 0, 0, 1, 110
  @ START_POINT, 0 : KANT+20, KANT, 0
  @ LINE_EP, 0 : lpx-KANT, KANT, 1.5, 0, 0, 0, 0, 0, 0
  @ LINE_EP, 0 : lpx-KANT, lpy-KANT, 0, 0, 0, 0, 0, 0, 0
  @ LINE_EP, 0 : KANT, lpy-KANT, 0, 0, 0, 0, 0, 0, 0
  @ LINE_EP, 0 : KANT, KANT, 0, 0, 0, 0, 0, 0, 0
  @ LINE_EP, 0 : KANT+30, KANT, 0, 0, 0, 0, 0, 0, 0
  @ LINE_EP, 0 : KANT+50, KANT, 0, -1, 0, 0, 0, 0, 0
  @ ENDPATH, 0 :  

  
@ ROUT, 0 : "144_1", 0, "1", 0, 0, "", 1, 18, -1, 0, 0, 0, 0, 0, 0, 0, 0, 0, 0, 0, 0, 0, 0, 0, 0, 0, 0, 0, 1, 0, 0, 0, 0, 1, 0, 0, 0, 0, 0, 1, 0, -1, 0, 5000, 18000, 0, 8000, "144", 103, 1, 0, 0, 90, 0, 0, 0, 0, 0, 0, 90, 0, 0, 0, 0, 0, 0, 0, 0, 0, 0, "", 0, 0, 0, 0, 0, 0, 0, 0, 0, "", 5, 0, 20, 80, 60, 0, "", "", "ROUT", 0, 1, 1, 0, 0, 0, 0, 0, 0, 0, 0, 0, 0, 0, 0, 0, 0, 2000, 0, 0.1, 0, 0, 0, 1, 110
  @ START_POINT, 0 : RAMY, RAMX, 0
  @ LINE_EP, 0 : RAMY-3, RAMX-3, 1, 0, 0, 0, 0, 0, 0
  @ LINE_EP, 0 : RAMY-3, -15, 0, 0, 0, 0, 0, 0, 0
  @ LINE_EP, 0 : lpx-RAMY+3, -15, 0, 0, 0, 0, 0, 0, 0
  @ LINE_EP, 0 : lpx-RAMY+3, RAMX-T_3, 0, 0, 0, 0, 0, 0, 0
  @ LINE_EP, 0 : lpx-RAMY, RAMX, 0, 0, 0, 0, 0, 0, 0
  @ ENDPATH, 0 : 
  
@ ROUT, 0 : "144_1", 0, "1", 0, 0, "", 1, 18, -1, 0, 0, 0, 0, 0, 0, 0, 0, 0, 0, 0, 0, 0, 0, 0, 0, 0, 0, 0, 1, 0, 0, 0, 0, 1, 0, 0, 0, 0, 0, 1, 0, -1, 0, 5000, 18000, 0, 8000, "144", 103, 1, 0, 0, 90, 0, 0, 0, 0, 0, 0, 90, 0, 0, 0, 0, 0, 0, 0, 0, 0, 0, "", 0, 0, 0, 0, 0, 0, 0, 0, 0, "", 5, 0, 20, 80, 60, 0, "", "", "ROUT", 0, 1, 1, 0, 0, 0, 0, 0, 0, 0, 0, 0, 0, 0, 0, 0, 0, 2000, 0, 0.1, 0, 0, 0, 1, 110
  @ START_POINT, 0 : RAMY, lpy-RAMX, 0
  @ LINE_EP, 0 : RAMY-3, lpy-RAMX+3, 1, 0, 0, 0, 0, 0, 0
  @ LINE_EP, 0 : RAMY-3, lpy+15, 0, 0, 0, 0, 0, 0, 0
  @ LINE_EP, 0 : lpx-RAMY+3, lpy+15, 0, 0, 0, 0, 0, 0, 0
  @ LINE_EP, 0 : lpx-RAMY+3, lpy-RAMX+T_3, 0, 0, 0, 0, 0, 0, 0
  @ LINE_EP, 0 : lpx-RAMY, lpy-RAMX, 0, 0, 0, 0, 0, 0, 0
  @ ENDPATH, 0 : 
 
' kray18  
 