@ ROUT, 0 : "144", 0, "1", 0, 0, "", 1, 18, -1, 0, 0, 0, 0, 0, 0, 0, 0, 0, 0, 0, 0, 0, 0, 0, 0, 0, 0, 0, 1, 0, 0, 0, 0, 1, 0, 0, 0, 0, 0, 1, 0, -1, 0, 5000, 18000, 0, 8000, "144", 103, 1, 0, 0, 90, 0, 0, 0, 0, 0, 0, 90, 0, 0, 0, 0, 0, 0, 0, 0, 0, 0, "", 0, 0, 0, 0, 0, 0, 0, 0, 0, "", 5, 0, 20, 80, 60, 0, "", "", "ROUT", 0, 1, 1, 0, 0, 0, 0, 0, 0, 0, 0, 0, 0, 0, 0, 0, 0, 2000, 0, 0.1, 0, 0, 0, 1, 110
  @ START_POINT, 0 : 51.6+10, 51.6, 0
  @ LINE_EP, 0 : 51.6+60, 51.6, 0, 1.2, 0, 0, 0, 0, 0
  @ LINE_EP, 0 : lpx-51.6, 51.6, 0, 0, 0, 0, 0, 0, 0
  @ LINE_EP, 0 : lpx-51.6, lpy-51.6, 0, 0, 0, 0, 0, 0, 0
  @ LINE_EP, 0 : 51.6, lpy-51.6, 0, 0, 0, 0, 0, 0, 0
  @ LINE_EP, 0 : 51.6, 51.6, 0, 0, 0, 0, 0, 0, 0
  @ LINE_EP, 0 : 51.6+65, 51.6, 0, 0, 0, 0, 0, 0, 0
  @ LINE_EP, 0 : 51.6+85, 51.6, 0, -1, 0, 0, 0, 0, 0
  @ ENDPATH, 0 :

' NUM
  