@ ROUT, 0 : "163", 0, "1", 0, 0, "", 1, 18, -1, 0, 0, 0, 0, 0, 0, 0, 0, 0, 0, 0, 0, 0, 0, 0, 0, 0, 0, 0, 1, 0, 0, 0, 0, 1, 0, 0, 0, 0, 0, 1, 0, -1, 0, 5000, 18000, 0, 8000, "163", 103, 1, 0, 0, 90, 0, 0, 0, 0, 0, 0, 90, 0, 0, 0, 0, 0, 0, 0, 0, 0, 0, "", 0, 0, 0, 0, 0, 0, 0, 0, 0, "", 5, 0, 20, 80, 60, 0, "", "", "ROUT", 0, 1, 1, 0, 0, 0, 0, 0, 0, 0, 0, 0, 0, 0, 0, 0, 0, 2000, 0, 0.1, 0, 0, 0, 1, 110
  @ START_POINT, 0 : RX+20, RY, 0
  @ LINE_EP, 0 : RX+60, RY, 0, T_9, 0, 0, 0, 0, 0
  @ LINE_EP, 0 : lpx-RX, RY, 0, 0, 0, 0, 0, 0, 0
  @ LINE_EP, 0 : lpx-RX+17.3205, RY-17.3205, 0, -10, 0, 0, 0, 0, 0
  @ LINE_EP, 0 : lpx-RX, RY, 0, 10, 0, 0, 0, 0, 0
  @ LINE_EP, 0 : lpx-RX, lpy-RY, 0, 0, 0, 0, 0, 0, 0
  @ LINE_EP, 0 : lpx-RX+17.3205, lpy-RY+17.3205, 0, -10, 0, 0, 0, 0, 0
  @ LINE_EP, 0 : lpx-RX, lpy-RY, 0, 10, 0, 0, 0, 0, 0
  @ LINE_EP, 0 : RX, lpy-RY, 0, 0, 0, 0, 0, 0, 0
  @ LINE_EP, 0 : RX-17.3205, lpy-RY+17.3205, 0, -10, 0, 0, 0, 0, 0
  @ LINE_EP, 0 : RX, lpy-RY, 0, 10, 0, 0, 0, 0, 0
  @ LINE_EP, 0 : RX, RY, 0, 0, 0, 0, 0, 0, 0
  @ LINE_EP, 0 : RX-17.3205, RY-17.3205, 0, -10, 0, 0, 0, 0, 0
  @ LINE_EP, 0 : RX, RY, 0, 10, 0, 0, 0, 0, 0
  @ LINE_EP, 0 : RX+65, RY, 0, 0, 0, 0, 0, 0, 0
  @ LINE_EP, 0 : RX+85, RY, 0, -1, 0, 0, 0, 0, 0
  @ ENDPATH, 0 : 

' NUM
  