@ ROUT, 0 : "157", 0, "1", 0, 0, "", 1, 18, -1, 0, 0, 0, 0, 0, 0, 0, 0, 0, 0, 0, 0, 0, 0, 0, 0, 0, 0, 0, 1, 0, 0, 0, 0, 1, 0, 0, 0, 0, 0, 1, 0, -1, 0, 5000, 18000, 0, 8000, "157", 103, 1, 0, 0, 90, 0, 0, 0, 0, 0, 0, 90, 0, 0, 0, 0, 0, 0, 0, 0, 0, 0, "", 0, 0, 0, 0, 0, 0, 0, 0, 0, "", 5, 0, 20, 80, 60, 0, "", "", "ROUT", 0, 1, 1, 0, 0, 0, 0, 0, 0, 0, 0, 0, 0, 0, 0, 0, 0, 2000, 0, 0.1, 0, 0, 0, 1, 110
  @ START_POINT, 0 : RAMX+OBV0+10, RAMY+OBV0, 0
  @ LINE_EP, 0 : RAMX+OBV0+80, RAMY+OBV0, 0, T_7.5, 0, 0, 0, 0, 0
  @ LINE_EP, 0 : lpx-RAMX-OBV0, RAMY+OBV0, 0, 0, 0, 0, 0, 0, 0
  @ LINE_EP, 0 : lpx-RAMX-OBV0, lpy-RAMY-OBV0, 0, 0, 0, 0, 0, 0, 0
  @ LINE_EP, 0 : RAMX+OBV0, lpy-RAMY-OBV0, 0, 0, 0, 0, 0, 0, 0
  @ LINE_EP, 0 : RAMX+OBV0, RAMY+OBV0, 0, 0, 0, 0, 0, 0, 0
  @ LINE_EP, 0 : RAMX+OBV0+90, RAMY+OBV0, 0, 0, 0, 0, 0, 0, 0
  @ LINE_EP, 0 : RAMX+OBV0+110, RAMY+OBV0, 0, -1, 0, 0, 0, 0, 0
  @ ENDPATH, 0 :

@ ROUT, 0 : "150", 0, "1", 0, 0, "", 1, 18, -1, 0, 0, 0, 0, 0, 0, 0, 0, 0, 0, 0, 0, 0, 0, 0, 0, 0, 0, 0, 1, 0, 0, 0, 0, 1, 0, 0, 0, 0, 0, 1, 0, -1, 0, 5000, 18000, 0, 8000, "150", 103, 1, 0, 0, 90, 0, 0, 0, 0, 0, 0, 90, 0, 0, 0, 0, 0, 0, 0, 0, 0, 0, "", 0, 0, 0, 0, 0, 0, 0, 0, 0, "", 5, 0, 20, 80, 60, 0, "", "", "ROUT", 0, 1, 1, 0, 0, 0, 0, 0, 0, 0, 0, 0, 0, 0, 0, 0, 0, 2000, 0, 0.1, 0, 0, 0, 1, 110
  @ START_POINT, 0 : RAMX+OBV5+20, RAMY+OBV5, 0
  @ LINE_EP, 0 : lpx-RAMX-OBV5, RAMY+OBV5, T_1.5, 0, 0, 0, 0, 0, 0
  @ LINE_EP, 0 : lpx-RAMX-OBV5, lpy-RAMY-OBV5, 0, 0, 0, 0, 0, 0, 0
  @ LINE_EP, 0 : RAMX+OBV5, lpy-RAMY-OBV5, 0, 0, 0, 0, 0, 0, 0
  @ LINE_EP, 0 : RAMX+OBV5, RAMY+OBV5, 0, 0, 0, 0, 0, 0, 0
  @ LINE_EP, 0 : RAMX+OBV5+30, RAMY+OBV5, 0, 0, 0, 0, 0, 0, 0
  @ LINE_EP, 0 : RAMX+OBV5+60, RAMY+OBV5, 0, -1, 0, 0, 0, 0, 0
  @ ENDPATH, 0 :  

' kray18
' pod45
  
@ ROUT, 0 : "144", 0, "1", 0, 0, "", 1, 18, -1, 0, 0, 0, 0, 0, 0, 0, 0, 0, 0, 0, 0, 0, 0, 0, 0, 0, 0, 0, 1, 0, 0, 0, 0, 1, 0, 0, 0, 0, 0, 1, 0, -1, 0, 5000, 18000, 0, 8000, "144", 103, 1, 0, 0, 90, 0, 0, 0, 0, 0, 0, 90, 0, 0, 0, 0, 0, 0, 0, 0, 0, 0, "", 0, 0, 0, 0, 0, 0, 0, 0, 0, "", 5, 0, 20, 80, 60, 0, "", "", "ROUT", 0, 1, 1, 0, 0, 0, 0, 0, 0, 0, 0, 0, 0, 0, 0, 0, 0, 2000, 0, 0.1, 0, 0, 0, 1, 110
  @ START_POINT, 0 : RAMX+OBV4+20, RAMY+OBV4, 0
  @ LINE_EP, 0 : lpx-RAMX-OBV4, RAMY+OBV4, T_7.5, 0, 0, 0, 0, 0, 0
  @ LINE_EP, 0 : lpx-RAMX-OBV4+10, RAMY+OBV4-10, 0, -10, 0, 0, 0, 0, 0
  @ LINE_EP, 0 : lpx-RAMX-OBV4, RAMY+OBV4, 0, 10, 0, 0, 0, 0, 0
  @ LINE_EP, 0 : lpx-RAMX-OBV4, lpy-RAMY-OBV4, 0, 0, 0, 0, 0, 0, 0
  @ LINE_EP, 0 : lpx-RAMX-OBV4+10, lpy-RAMY-OBV4+10, 0, -10, 0, 0, 0, 0, 0
  @ LINE_EP, 0 : lpx-RAMX-OBV4, lpy-RAMY-OBV4, 0, 10, 0, 0, 0, 0, 0
  @ LINE_EP, 0 : RAMX+OBV4, lpy-RAMY-OBV4, 0, 0, 0, 0, 0, 0, 0
  @ LINE_EP, 0 : RAMX+OBV4-10, lpy-RAMY-OBV4+10, 0, -10, 0, 0, 0, 0, 0
  @ LINE_EP, 0 : RAMX+OBV4, lpy-RAMY-OBV4, 0, 10, 0, 0, 0, 0, 0
  @ LINE_EP, 0 : RAMX+OBV4, RAMY+OBV4, 0, 0, 0, 0, 0, 0, 0
  @ LINE_EP, 0 : RAMX+OBV4-10, RAMY+OBV4-10, 0, -10, 0, 0, 0, 0, 0
  @ LINE_EP, 0 : RAMX+OBV4, RAMY+OBV4, 0, 10, 0, 0, 0, 0, 0
  @ LINE_EP, 0 : RAMX+OBV4+30, RAMY+OBV4, 0, 0, 0, 0, 0, 0, 0
  @ LINE_EP, 0 : RAMX+OBV4+60, RAMY+OBV4, 0, -1, 0, 0, 0, 0, 0
  @ ENDPATH, 0 :  
  
@ ROUT, 0 : "144", 0, "1", 0, 0, "", 1, 18, -1, 0, 0, 0, 0, 0, 0, 0, 0, 0, 0, 0, 0, 0, 0, 0, 0, 0, 0, 0, 1, 0, 0, 0, 0, 1, 0, 0, 0, 0, 0, 1, 0, -1, 0, 5000, 18000, 0, 8000, "144", 103, 1, 0, 0, 90, 0, 0, 0, 0, 0, 0, 90, 0, 0, 0, 0, 0, 0, 0, 0, 0, 0, "", 0, 0, 0, 0, 0, 0, 0, 0, 0, "", 5, 0, 20, 80, 60, 0, "", "", "ROUT", 0, 1, 1, 0, 0, 0, 0, 0, 0, 0, 0, 0, 0, 0, 0, 0, 0, 2000, 0, 0.1, 0, 0, 0, 1, 110
  @ START_POINT, 0 : RAMX+OBV6+20, RAMY+OBV6, 0
  @ LINE_EP, 0 : lpx-RAMX-OBV6, RAMY+OBV6, T_1.5, 0, 0, 0, 0, 0, 0
  @ LINE_EP, 0 : lpx-RAMX-OBV6+10, RAMY+OBV6-10, 0, -10, 0, 0, 0, 0, 0
  @ LINE_EP, 0 : lpx-RAMX-OBV6, RAMY+OBV6, 0, 10, 0, 0, 0, 0, 0
  @ LINE_EP, 0 : lpx-RAMX-OBV6, lpy-RAMY-OBV6, 0, 0, 0, 0, 0, 0, 0
  @ LINE_EP, 0 : lpx-RAMX-OBV6+10, lpy-RAMY-OBV6+10, 0, -10, 0, 0, 0, 0, 0
  @ LINE_EP, 0 : lpx-RAMX-OBV6, lpy-RAMY-OBV6, 0, 10, 0, 0, 0, 0, 0
  @ LINE_EP, 0 : RAMX+OBV6, lpy-RAMY-OBV6, 0, 0, 0, 0, 0, 0, 0
  @ LINE_EP, 0 : RAMX+OBV6-10, lpy-RAMY-OBV6+10, 0, -10, 0, 0, 0, 0, 0
  @ LINE_EP, 0 : RAMX+OBV6, lpy-RAMY-OBV6, 0, 10, 0, 0, 0, 0, 0
  @ LINE_EP, 0 : RAMX+OBV6, RAMY+OBV6, 0, 0, 0, 0, 0, 0, 0
  @ LINE_EP, 0 : RAMX+OBV6-10, RAMY+OBV6-10, 0, -10, 0, 0, 0, 0, 0
  @ LINE_EP, 0 : RAMX+OBV6, RAMY+OBV6, 0, 10, 0, 0, 0, 0, 0
  @ LINE_EP, 0 : RAMX+OBV6+30, RAMY+OBV6, 0, 0, 0, 0, 0, 0, 0
  @ LINE_EP, 0 : RAMX+OBV6+60, RAMY+OBV6, 0, -1, 0, 0, 0, 0, 0
  @ ENDPATH, 0 :

@ ROUT, 0 : "144_1", 0, "1", 0, 0, "", 1, 18, -1, 0, 0, 0, 0, 0, 0, 0, 0, 0, 0, 0, 0, 0, 0, 0, 0, 0, 0, 0, 1, 0, 0, 0, 0, 1, 0, 0, 0, 0, 0, 1, 0, -1, 0, 5000, 18000, 0, 8000, "144", 103, 1, 0, 0, 90, 0, 0, 0, 0, 0, 0, 90, 0, 0, 0, 0, 0, 0, 0, 0, 0, 0, "", 0, 0, 0, 0, 0, 0, 0, 0, 0, "", 5, 0, 20, 80, 60, 0, "", "", "ROUT", 0, 1, 1, 0, 0, 0, 0, 0, 0, 0, 0, 0, 0, 0, 0, 0, 0, 2000, 0, 0.1, 0, 0, 0, 1, 110
  @ START_POINT, 0 : -20, RAMY+OBV6, 0
  @ LINE_EP, 0 : lpx+20, RAMY+OBV6, T_1.5, 0, 0, 0, 0, 0, 0
  @ LINE_EP, 0 : lpx+20, lpy-RAMY-OBV6, 0, 0, 0, 0, 0, 0, 0
  @ LINE_EP, 0 : -20, lpy-RAMY-OBV6, 0, 0, 0, 0, 0, 0, 0
  @ ENDPATH, 0 :   

@ ROUT, 0 : "162", 0, "1", 0, 0, "", 1, 18, -1, 0, 0, 0, 0, 0, 0, 0, 0, 0, 0, 0, 0, 0, 0, 0, 0, 0, 0, 0, 1, 0, 0, 0, 0, 1, 0, 0, 0, 0, 0, 1, 0, -1, 0, 5000, 18000, 0, 8000, "162", 103, 1, 0, 0, 90, 0, 0, 0, 0, 0, 0, 90, 0, 0, 0, 0, 0, 0, 0, 0, 0, 0, "", 0, 0, 0, 0, 0, 0, 0, 0, 0, "", 5, 0, 20, 80, 60, 0, "", "", "ROUT", 0, 1, 1, 0, 0, 0, 0, 0, 0, 0, 0, 0, 0, 0, 0, 0, 0, 2000, 0, 0.1, 0, 0, 0, 1, 110
'vib1
  @ ENDPATH, 0 :

@ ROUT, 0 : "162", 0, "1", 0, 0, "", 1, 18, -1, 0, 0, 0, 0, 0, 0, 0, 0, 0, 0, 0, 0, 0, 0, 0, 0, 0, 0, 0, 1, 0, 0, 0, 0, 1, 0, 0, 0, 0, 0, 1, 0, -1, 0, 5000, 18000, 0, 8000, "162", 103, 1, 0, 0, 90, 0, 0, 0, 0, 0, 0, 90, 0, 0, 0, 0, 0, 0, 0, 0, 0, 0, "", 0, 0, 0, 0, 0, 0, 0, 0, 0, "", 5, 0, 20, 80, 60, 0, "", "", "ROUT", 0, 1, 1, 0, 0, 0, 0, 0, 0, 0, 0, 0, 0, 0, 0, 0, 0, 2000, 0, 0.1, 0, 0, 0, 1, 110
'vib1
  @ ENDPATH, 0 :

@ ROUT, 0 : "132", 0, "1", 0, 0, "", 1, 18, -1, 0, 0, 0, 0, 0, 0, 0, 0, 0, 0, 0, 0, 0, 0, 0, 0, 0, 0, 0, 1, 0, 0, 0, 0, 1, 0, 0, 0, 0, 0, 1, 0, -1, 0, 5000, 18000, 0, 8000, "132", 103, 1, 0, 0, 90, 0, 0, 0, 0, 0, 0, 90, 0, 0, 0, 0, 0, 0, 0, 0, 0, 0, "", 0, 0, 0, 0, 0, 0, 0, 0, 0, "", 5, 0, 20, 80, 60, 0, "", "", "ROUT", 0, 1, 1, 0, 0, 0, 0, 0, 0, 0, 0, 0, 0, 0, 0, 0, 0, 2000, 0, 0.1, 0, 0, 0, 1, 110
  @ START_POINT, 0 : RAMX+OBV1+10, RAMY+OBV1, 0
  @ LINE_EP, 0 : RAMX+OBV1+80, RAMY+OBV1, 0, 10.5, 0, 0, 0, 0, 0
  @ LINE_EP, 0 : lpx-RAMX-OBV1, RAMY+OBV1, 0, 0, 0, 0, 0, 0, 0
  @ LINE_EP, 0 : lpx-RAMX-OBV1, lpy-RAMY-OBV1, 0, 0, 0, 0, 0, 0, 0
  @ LINE_EP, 0 : RAMX+OBV1, lpy-RAMY-OBV1, 0, 0, 0, 0, 0, 0, 0
  @ LINE_EP, 0 : RAMX+OBV1, RAMY+OBV1, 0, 0, 0, 0, 0, 0, 0
  @ LINE_EP, 0 : RAMX+OBV1+90, RAMY+OBV1, 0, 0, 0, 0, 0, 0, 0
  @ LINE_EP, 0 : RAMX+OBV1+110, RAMY+OBV1, 0, -1, 0, 0, 0, 0, 0
  @ ENDPATH, 0 :  
  
@ ROUT, 0 : "134", 0, "1", 0, 0, "", 1, 18, -1, 0, 0, 0, 0, 0, 0, 0, 0, 0, 0, 0, 0, 0, 0, 0, 0, 0, 0, 0, 1, 0, 0, 0, 0, 1, 0, 0, 0, 0, 0, 1, 0, -1, 0, 5000, 18000, 0, 8000, "134", 103, 1, 0, 0, 90, 0, 0, 0, 0, 0, 0, 90, 0, 0, 0, 0, 0, 0, 0, 0, 0, 0, "", 0, 0, 0, 0, 0, 0, 0, 0, 0, "", 5, 0, 20, 80, 60, 0, "", "", "ROUT", 0, 1, 1, 0, 0, 0, 0, 0, 0, 0, 0, 0, 0, 0, 0, 0, 0, 2000, 0, 0.1, 0, 0, 0, 1, 110
  @ START_POINT, 0 : RAMX+OBV9+10, RAMY+OBV9, 0
  @ LINE_EP, 0 : RAMX+OBV9+80, RAMY+OBV9, 0, 10.5, 0, 0, 0, 0, 0
  @ LINE_EP, 0 : lpx-RAMX-OBV9, RAMY+OBV9, 0, 0, 0, 0, 0, 0, 0
  @ LINE_EP, 0 : lpx-RAMX-OBV9, lpy-RAMY-OBV9, 0, 0, 0, 0, 0, 0, 0
  @ LINE_EP, 0 : RAMX+OBV9, lpy-RAMY-OBV9, 0, 0, 0, 0, 0, 0, 0
  @ LINE_EP, 0 : RAMX+OBV9, RAMY+OBV9, 0, 0, 0, 0, 0, 0, 0
  @ LINE_EP, 0 : RAMX+OBV9+90, RAMY+OBV9, 0, 0, 0, 0, 0, 0, 0
  @ LINE_EP, 0 : RAMX+OBV9+110, RAMY+OBV9, 0, -1, 0, 0, 0, 0, 0
  @ ENDPATH, 0 :
