@ ROUT, 0 : "157", 0, "1", 0, 0, "", 1, 18, -1, 0, 0, 0, 0, 0, 0, 0, 0, 0, 0, 0, 0, 0, 0, 0, 0, 0, 0, 0, 1, 0, 0, 0, 0, 1, 0, 0, 0, 0, 0, 1, 0, -1, 0, 5000, 18000, 0, 8000, "157", 103, 1, 0, 0, 90, 0, 0, 0, 0, 0, 0, 90, 0, 0, 0, 0, 0, 0, 0, 0, 0, 0, "", 0, 0, 0, 0, 0, 0, 0, 0, 0, "", 5, 0, 20, 80, 60, 0, "", "", "ROUT", 0, 1, 1, 0, 0, 0, 0, 0, 0, 0, 0, 0, 0, 0, 0, 0, 0, 2000, 0, 0.1, 0, 0, 0, 1, 110
  @ START_POINT, 0 : OBV7+20, OBV7, 0
  @ LINE_EP, 0 : OBV7+30, OBV7, 0, 2.5, 0, 0, 0, 0, 0
  @ LINE_EP, 0 : lpx-OBV7, OBV7, 0, 0, 0, 0, 0, 0, 0
  @ LINE_EP, 0 : lpx-OBV7, lpy-OBV7, 0, 0, 0, 0, 0, 0, 0
  @ LINE_EP, 0 : OBV7, lpy-OBV7, 0, 0, 0, 0, 0, 0, 0
  @ LINE_EP, 0 : OBV7, OBV7, 0, 0, 0, 0, 0, 0, 0
  @ LINE_EP, 0 : OBV7+40, OBV7, 0, 0, 0, 0, 0, 0, 0
  @ LINE_EP, 0 : OBV7+60, OBV7, 0, -1, 0, 0, 0, 0, 0
  @ ENDPATH, 0 :
  
@ ROUT, 0 : "157", 0, "1", 0, 0, "", 1, 18, -1, 0, 0, 0, 0, 0, 0, 0, 0, 0, 0, 0, 0, 0, 0, 0, 0, 0, 0, 0, 1, 0, 0, 0, 0, 1, 0, 0, 0, 0, 0, 1, 0, -1, 0, 5000, 18000, 0, 8000, "157", 103, 1, 0, 0, 90, 0, 0, 0, 0, 0, 0, 90, 0, 0, 0, 0, 0, 0, 0, 0, 0, 0, "", 0, 0, 0, 0, 0, 0, 0, 0, 0, "", 5, 0, 20, 80, 60, 0, "", "", "ROUT", 0, 1, 1, 0, 0, 0, 0, 0, 0, 0, 0, 0, 0, 0, 0, 0, 0, 2000, 0, 0.1, 0, 0, 0, 1, 110
  @ START_POINT, 0 : OBV8+20, OBV9, 0
  @ LINE_EP, 0 : OBV8+30, OBV9, 0, 2.5, 0, 0, 0, 0, 0
  @ LINE_EP, 0 : lpx-OBV8, OBV9, 0, 0, 0, 0, 0, 0, 0
  @ LINE_EP, 0 : lpx-OBV8, lpy-OBV9, 0, 0, 0, 0, 0, 0, 0
  @ LINE_EP, 0 : OBV8, lpy-OBV9, 0, 0, 0, 0, 0, 0, 0
  @ LINE_EP, 0 : OBV8, OBV9, 0, 0, 0, 0, 0, 0, 0
  @ LINE_EP, 0 : OBV8+40, OBV9, 0, 0, 0, 0, 0, 0, 0
  @ LINE_EP, 0 : OBV8+60, OBV9, 0, -1, 0, 0, 0, 0, 0
  @ ENDPATH, 0 :

@ ROUT, 0 : "150", 0, "1", 0, 0, "", 1, 18, -1, 0, 0, 0, 0, 0, 0, 0, 0, 0, 0, 0, 0, 0, 0, 0, 0, 0, 0, 0, 1, 0, 0, 0, 0, 1, 0, 0, 0, 0, 0, 1, 0, -1, 0, 5000, 18000, 0, 8000, "150", 103, 1, 0, 0, 90, 0, 0, 0, 0, 0, 0, 90, 0, 0, 0, 0, 0, 0, 0, 0, 0, 0, "", 0, 0, 0, 0, 0, 0, 0, 0, 0, "", 5, 0, 20, 80, 60, 0, "", "", "ROUT", 0, 1, 1, 0, 0, 0, 0, 0, 0, 0, 0, 0, 0, 0, 0, 0, 0, 2000, 0, 0.1, 0, 0, 0, 1, 110
  @ START_POINT, 0 : RAMX+OBV5+20, RAMY+OBV5, 0
  @ LINE_EP, 0 : lpx-RAMX-OBV5, RAMY+OBV5, T_3, 0, 0, 0, 0, 0, 0
  @ LINE_EP, 0 : lpx-RAMX-OBV5, lpy-RAMY-OBV5, 0, 0, 0, 0, 0, 0, 0
  @ LINE_EP, 0 : RAMX+OBV5, lpy-RAMY-OBV5, 0, 0, 0, 0, 0, 0, 0
  @ LINE_EP, 0 : RAMX+OBV5, RAMY+OBV5, 0, 0, 0, 0, 0, 0, 0
  @ LINE_EP, 0 : RAMX+OBV5+30, RAMY+OBV5, 0, 0, 0, 0, 0, 0, 0
  @ LINE_EP, 0 : RAMX+OBV5+60, RAMY+OBV5, 0, -1, 0, 0, 0, 0, 0
  @ ENDPATH, 0 :  

@ ROUT, 0 : "150", 0, "1", 0, 0, "", 1, 18, -1, 0, 0, 0, 0, 0, 0, 0, 0, 0, 0, 0, 0, 0, 0, 0, 0, 0, 0, 0, 1, 0, 0, 0, 0, 1, 0, 0, 0, 0, 0, 1, 0, -1, 0, 5000, 18000, 0, 8000, "150", 103, 1, 0, 0, 90, 0, 0, 0, 0, 0, 0, 90, 0, 0, 0, 0, 0, 0, 0, 0, 0, 0, "", 0, 0, 0, 0, 0, 0, 0, 0, 0, "", 5, 0, 20, 80, 60, 0, "", "", "ROUT", 0, 1, 1, 0, 0, 0, 0, 0, 0, 0, 0, 0, 0, 0, 0, 0, 0, 2000, 0, 0.1, 0, 0, 0, 1, 110
  @ START_POINT, 0 : (OBV7-(OBV0-OBV3))+20, (OBV7-(OBV0-OBV3)), 0
  @ LINE_EP, 0 : (OBV7-(OBV0-OBV3))+30, (OBV7-(OBV0-OBV3)), 0, 2.5, 0, 0, 0, 0, 0
  @ LINE_EP, 0 : lpx-(OBV7-(OBV0-OBV3)), (OBV7-(OBV0-OBV3)), 0, 0, 0, 0, 0, 0, 0
  @ LINE_EP, 0 : lpx-(OBV7-(OBV0-OBV3)), lpy-(OBV7-(OBV0-OBV3)), 0, 0, 0, 0, 0, 0, 0
  @ LINE_EP, 0 : (OBV7-(OBV0-OBV3)), lpy-(OBV7-(OBV0-OBV3)), 0, 0, 0, 0, 0, 0, 0
  @ LINE_EP, 0 : (OBV7-(OBV0-OBV3)), (OBV7-(OBV0-OBV3)), 0, 0, 0, 0, 0, 0, 0
  @ LINE_EP, 0 : (OBV7-(OBV0-OBV3))+40, (OBV7-(OBV0-OBV3)), 0, 0, 0, 0, 0, 0, 0
  @ LINE_EP, 0 : (OBV7-(OBV0-OBV3))+60, (OBV7-(OBV0-OBV3)), 0, -1, 0, 0, 0, 0, 0
  @ ENDPATH, 0 :

' kray18

@ ROUT, 0 : "144", 0, "1", 0, 0, "", 1, 18, -1, 0, 0, 0, 0, 0, 0, 0, 0, 0, 0, 0, 0, 0, 0, 0, 0, 0, 0, 0, 1, 0, 0, 0, 0, 1, 0, 0, 0, 0, 0, 1, 0, -1, 0, 5000, 18000, 0, 8000, "144", 103, 1, 0, 0, 90, 0, 0, 0, 0, 0, 0, 90, 0, 0, 0, 0, 0, 0, 0, 0, 0, 0, "", 0, 0, 0, 0, 0, 0, 0, 0, 0, "", 5, 0, 20, 80, 60, 0, "", "", "ROUT", 0, 1, 1, 0, 0, 0, 0, 0, 0, 0, 0, 0, 0, 0, 0, 0, 0, 2000, 0, 0.1, 0, 0, 0, 1, 110
  @ START_POINT, 0 : RAMX+OBV6+20, RAMY+OBV6, 0
  @ LINE_EP, 0 : lpx-RAMX-OBV6, RAMY+OBV6, T_3, 0, 0, 0, 0, 0, 0
  @ LINE_EP, 0 : lpx-RAMX-OBV6+10, RAMY+OBV6-10, 0, -10, 0, 0, 0, 0, 0
  @ LINE_EP, 0 : lpx-RAMX-OBV6, RAMY+OBV6, 0, 10, 0, 0, 0, 0, 0
  @ LINE_EP, 0 : lpx-RAMX-OBV6, lpy-RAMY-OBV6, 0, 0, 0, 0, 0, 0, 0
  @ LINE_EP, 0 : lpx-RAMX-OBV6+10, lpy-RAMY-OBV6+10, 0, -10, 0, 0, 0, 0, 0
  @ LINE_EP, 0 : lpx-RAMX-OBV6, lpy-RAMY-OBV6, 0, 10, 0, 0, 0, 0, 0
  @ LINE_EP, 0 : RAMX+OBV6, lpy-RAMY-OBV6, 0, 0, 0, 0, 0, 0, 0
  @ LINE_EP, 0 : RAMX+OBV6-10, lpy-RAMY-OBV6+10, 0, -10, 0, 0, 0, 0, 0
  @ LINE_EP, 0 : RAMX+OBV6, lpy-RAMY-OBV6, 0, 10, 0, 0, 0, 0, 0
  @ LINE_EP, 0 : RAMX+OBV6, RAMY+OBV6, 0, 0, 0, 0, 0, 0, 0
  @ LINE_EP, 0 : RAMX+OBV6-10, RAMY+OBV6-10, 0, -10, 0, 0, 0, 0, 0
  @ LINE_EP, 0 : RAMX+OBV6, RAMY+OBV6, 0, 10, 0, 0, 0, 0, 0
  @ LINE_EP, 0 : RAMX+OBV6+30, RAMY+OBV6, 0, 0, 0, 0, 0, 0, 0
  @ LINE_EP, 0 : RAMX+OBV6+60, RAMY+OBV6, 0, -1, 0, 0, 0, 0, 0
  @ ENDPATH, 0 : 
  
@ ROUT, 0 : "144", 0, "1", 0, 0, "", 1, 18, -1, 0, 0, 0, 0, 0, 0, 0, 0, 0, 0, 0, 0, 0, 0, 0, 0, 0, 0, 0, 1, 0, 0, 0, 0, 1, 0, 0, 0, 0, 0, 1, 0, -1, 0, 5000, 18000, 0, 8000, "144", 103, 1, 0, 0, 90, 0, 0, 0, 0, 0, 0, 90, 0, 0, 0, 0, 0, 0, 0, 0, 0, 0, "", 0, 0, 0, 0, 0, 0, 0, 0, 0, "", 5, 0, 20, 80, 60, 0, "", "", "ROUT", 0, 1, 1, 0, 0, 0, 0, 0, 0, 0, 0, 0, 0, 0, 0, 0, 0, 2000, 0, 0.1, 0, 0, 0, 1, 110
  @ START_POINT, 0 : (OBV7-(OBV0-OBV4))+20, (OBV7-(OBV0-OBV4)), 0
  @ LINE_EP, 0 : (OBV7-(OBV0-OBV4))+30, (OBV7-(OBV0-OBV4)), 0, 2.5, 0, 0, 0, 0, 0
  @ LINE_EP, 0 : lpx-(OBV7-(OBV0-OBV4)), (OBV7-(OBV0-OBV4)), 0, 0, 0, 0, 0, 0, 0
  @ LINE_EP, 0 : lpx-(OBV7-(OBV0-OBV4))+5, (OBV7-(OBV0-OBV4))-5, 0, -5, 0, 0, 0, 0, 0
  @ LINE_EP, 0 : lpx-(OBV7-(OBV0-OBV4)), (OBV7-(OBV0-OBV4)), 0, 5, 0, 0, 0, 0, 0
  @ LINE_EP, 0 : lpx-(OBV7-(OBV0-OBV4)), lpy-(OBV7-(OBV0-OBV4)), 0, 0, 0, 0, 0, 0, 0
  @ LINE_EP, 0 : lpx-(OBV7-(OBV0-OBV4))+5, lpy-(OBV7-(OBV0-OBV4))+5, 0, -5, 0, 0, 0, 0, 0
  @ LINE_EP, 0 : lpx-(OBV7-(OBV0-OBV4)), lpy-(OBV7-(OBV0-OBV4)), 0, 5, 0, 0, 0, 0, 0
  @ LINE_EP, 0 : (OBV7-(OBV0-OBV4)), lpy-(OBV7-(OBV0-OBV4)), 0, 0, 0, 0, 0, 0, 0
  @ LINE_EP, 0 : (OBV7-(OBV0-OBV4))-5, lpy-(OBV7-(OBV0-OBV4))+5, 0, -5, 0, 0, 0, 0, 0
  @ LINE_EP, 0 : (OBV7-(OBV0-OBV4)), lpy-(OBV7-(OBV0-OBV4)), 0, 5, 0, 0, 0, 0, 0
  @ LINE_EP, 0 : (OBV7-(OBV0-OBV4)), (OBV7-(OBV0-OBV4)), 0, 0, 0, 0, 0, 0, 0
  @ LINE_EP, 0 : (OBV7-(OBV0-OBV4))-5, (OBV7-(OBV0-OBV4))-5, 0, -5, 0, 0, 0, 0, 0
  @ LINE_EP, 0 : (OBV7-(OBV0-OBV4)), (OBV7-(OBV0-OBV4)), 0, 5, 0, 0, 0, 0, 0
  @ LINE_EP, 0 : (OBV7-(OBV0-OBV4))+40, (OBV7-(OBV0-OBV4)), 0, 0, 0, 0, 0, 0, 0
  @ LINE_EP, 0 : (OBV7-(OBV0-OBV4))+60, (OBV7-(OBV0-OBV4)), 0, -1, 0, 0, 0, 0, 0
  @ ENDPATH, 0 :

@ ROUT, 0 : "147", 0, "1", 0, 0.4, "", 1, 18, -1, 0, 0, 0, 0, 0, 0, 0, 0, 0, 0, 0, 0, 0, 0, 0, 0, 0, 0, 0, 1, 0, 0, 0, 0, 1, 0, 0, 0, 0, 0, 1, 0, -1, 0, 5000, 18000, 0, 8000, "147", 103, 1, 0, 0, 90, 0, 0, 0, 0, 0, 0, 90, 0, 0, 0, 0, 0, 0, 0, 0, 0, 0, "", 0, 0, 0, 0, 0, 0, 0, 0, 0, "", 5, 0, 20, 80, 60, 0, "", "", "ROUT", 0, 1, 1, 0, 0, 0, 0, 0, 0, 0, 0, 0, 0, 0, 0, 0, 0, 2000, 0, 0.1, 0, 0, 0, 1, 110
  @ START_POINT, 0 : fx, lpy-fy, 0
  @ LINE_EP, 0 : fx, lpy-fy+d, 0, 0, 0, 0, 0, 0, 0
'TTTT1
  @ ENDPATH, 0 :

@ ROUT, 0 : "147", 0, "1", 0, 0.4, "", 1, 18, -1, 0, 0, 0, 0, 0, 0, 0, 0, 0, 0, 0, 0, 0, 0, 0, 0, 0, 0, 0, 1, 0, 0, 0, 0, 1, 0, 0, 0, 0, 0, 1, 0, -1, 0, 5000, 18000, 0, 8000, "147", 103, 1, 0, 0, 90, 0, 0, 0, 0, 0, 0, 90, 0, 0, 0, 0, 0, 0, 0, 0, 0, 0, "", 0, 0, 0, 0, 0, 0, 0, 0, 0, "", 5, 0, 20, 80, 60, 0, "", "", "ROUT", 0, 1, 1, 0, 0, 0, 0, 0, 0, 0, 0, 0, 0, 0, 0, 0, 0, 2000, 0, 0.1, 0, 0, 0, 1, 110
  @ START_POINT, 0 : lpx-fx-g, fy+4, 0
  @ LINE_EP, 0 : lpx-fx, fy+4, 0, 0, 0, 0, 0, 0, 0
'TTTT2
  @ ENDPATH, 0 :
  
@ ROUT, 0 : "147", 0, "1", 0, 0.4, "", 1, 18, -1, 0, 0, 0, 0, 0, 0, 0, 0, 0, 0, 0, 0, 0, 0, 0, 0, 0, 0, 0, 1, 0, 0, 0, 0, 1, 0, 0, 0, 0, 0, 1, 0, -1, 0, 5000, 18000, 0, 8000, "147", 103, 1, 0, 0, 90, 0, 0, 0, 0, 0, 0, 90, 0, 0, 0, 0, 0, 0, 0, 0, 0, 0, "", 0, 0, 0, 0, 0, 0, 0, 0, 0, "", 5, 0, 20, 80, 60, 0, "", "", "ROUT", 0, 1, 1, 0, 0, 0, 0, 0, 0, 0, 0, 0, 0, 0, 0, 0, 0, 2000, 0, 0.1, 0, 0, 0, 1, 110
  @ START_POINT, 0 : lpx-fx, fy, 0
  @ LINE_EP, 0 : lpx-fx, fy-d, 0, 0, 0, 0, 0, 0, 0
'TTTT3
  @ ENDPATH, 0 :
  
 @ ROUT, 0 : "147", 0, "1", 0, 0.4, "", 1, 18, -1, 0, 0, 0, 0, 0, 0, 0, 0, 0, 0, 0, 0, 0, 0, 0, 0, 0, 0, 0, 1, 0, 0, 0, 0, 1, 0, 0, 0, 0, 0, 1, 0, -1, 0, 5000, 18000, 0, 8000, "147", 103, 1, 0, 0, 90, 0, 0, 0, 0, 0, 0, 90, 0, 0, 0, 0, 0, 0, 0, 0, 0, 0, "", 0, 0, 0, 0, 0, 0, 0, 0, 0, "", 5, 0, 20, 80, 60, 0, "", "", "ROUT", 0, 1, 1, 0, 0, 0, 0, 0, 0, 0, 0, 0, 0, 0, 0, 0, 0, 2000, 0, 0.1, 0, 0, 0, 1, 110
  @ START_POINT, 0 : fx, fy+4, 0
  @ LINE_EP, 0 : fx+g, fy+4, 0, 0, 0, 0, 0, 0, 0
'TTTT4
  @ ENDPATH, 0 :
  