@ ROUT, 0 : "150", 0, "1", 0, 0, "", 1, 18, -1, 0, 0, 0, 0, 0, 0, 0, 0, 0, 0, 0, 0, 0, 0, 0, 0, 0, 0, 0, 1, 0, 0, 0, 0, 1, 0, 0, 0, 0, 0, 1, 0, -1, 0, 5000, 18000, 0, 8000, "150", 103, 1, 0, 0, 90, 0, 0, 0, 0, 0, 0, 90, 0, 0, 0, 0, 0, 0, 0, 0, 0, 0, "", 0, 0, 0, 0, 0, 0, 0, 0, 0, "", 5, 0, 20, 80, 60, 0, "", "", "ROUT", 0, 1, 1, 0, 0, 0, 0, 0, 0, 0, 0, 0, 0, 0, 0, 0, 0, 2000, 0, 0.1, 0, 0, 0, 1, 110
  @ START_POINT, 0 : -20, RAMY, 0
  @ LINE_EP, 0 : lpx+20, RAMY, 2.5, 0, 0, 0, 0, 0, 0
  @ LINE_EP, 0 : lpx+20, RAMY+sy, 0, 0, 0, 0, 0, 0, 0
  @ LINE_EP, 0 : -20, RAMY+sy, 0, 0, 0, 0, 0, 0, 0
  @ LINE_EP, 0 : -20, RAMY+sy*2, 0, 0, 0, 0, 0, 0, 0
  @ LINE_EP, 0 : lpx+20, RAMY+sy*2, 0, 0, 0, 0, 0, 0, 0
  @ LINE_EP, 0 : lpx+20, -20, 0, 0, 0, 0, 0, 0, 0
  @ LINE_EP, 0 : lpx-RAMX, -20, 0, 0, 0, 0, 0, 0, 0
  @ LINE_EP, 0 : lpx-RAMX, lpy+20, 0, 0, 0, 0, 0, 0, 0
  @ LINE_EP, 0 : lpx-RAMX-sy, lpy+20, 0, 0, 0, 0, 0, 0, 0
  @ LINE_EP, 0 : lpx-RAMX-sy, -20, 0, 0, 0, 0, 0, 0, 0
  @ LINE_EP, 0 : lpx-RAMX-sy*2, -20, 0, 0, 0, 0, 0, 0, 0
  @ LINE_EP, 0 : lpx-RAMX-sy*2, lpy+20, 0, 0, 0, 0, 0, 0, 0
  @ ENDPATH, 0 :
