@ ROUT, 0 : "157", 0, "1", 0, 0, "", 1, 18, -1, 0, 0, 0, 0, 0, 0, 0, 0, 0, 0, 0, 0, 0, 0, 0, 0, 0, 0, 0, 1, 0, 0, 0, 0, 1, 0, 0, 0, 0, 0, 1, 0, -1, 0, 5000, 18000, 0, 8000, "157", 103, 1, 0, 0, 90, 0, 0, 0, 0, 0, 0, 90, 0, 0, 0, 0, 0, 0, 0, 0, 0, 0, "", 0, 0, 0, 0, 0, 0, 0, 0, 0, "", 5, 0, 20, 80, 60, 0, "", "", "ROUT", 0, 1, 1, 0, 0, 0, 0, 0, 0, 0, 0, 0, 0, 0, 0, 0, 0, 2000, 0, 0.1, 0, 0, 0, 1, 110
  @ START_POINT, 0 : h0+10, RAMY+OBV0, 0
  @ LINE_EP, 0 : h0+60, RAMY+OBV0, 0, T_9, 0, 0, 0, 0, 0
  @ LINE_EP, 0 : lpx-h0, RAMY+OBV0, 0, 0, 0, 0, 0, 0, 0
  @ ARC_EPRA, 0 : lpx-h0, lpy-RAMY-OBV0, RRR-OBV0, 1, 0, 0, 0, 0, 0, 0
  @ LINE_EP, 0 : h0, lpy-RAMY-OBV0, 0, 0, 0, 0, 0, 0, 0
  @ ARC_EPRA, 0 : h0, RAMY+OBV0, RRR-OBV0, 1, 0, 0, 0, 0, 0, 1
  @ LINE_EP, 0 : h0+65, RAMY+OBV0, 0, 0, 0, 0, 0, 0, 0
  @ LINE_EP, 0 : h0+80, RAMY+OBV0, 0, -1, 0, 0, 0, 0, 0
  @ ENDPATH, 0 :
  
@ ROUT, 0 : "156", 0, "1", 0, 0, "", 1, 18, -1, 0, 0, 0, 0, 0, 0, 0, 0, 0, 0, 0, 0, 0, 0, 0, 0, 0, 0, 0, 1, 0, 0, 0, 0, 1, 0, 0, 0, 0, 0, 1, 0, -1, 0, 5000, 18000, 0, 8000, "156", 103, 1, 0, 0, 90, 0, 0, 0, 0, 0, 0, 90, 0, 0, 0, 0, 0, 0, 0, 0, 0, 0, "", 0, 0, 0, 0, 0, 0, 0, 0, 0, "", 5, 0, 20, 80, 60, 0, "", "", "ROUT", 0, 1, 1, 0, 0, 0, 0, 0, 0, 0, 0, 0, 0, 0, 0, 0, 0, 2000, 0, 0.1, 0, 0, 0, 1, 110
  @ START_POINT, 0 : h1+10, RAMY+OBV1, 0
  @ LINE_EP, 0 : h1+60, RAMY+OBV1, 0, T_9, 0, 0, 0, 0, 0
  @ LINE_EP, 0 : lpx-h1, RAMY+OBV1, 0, 0, 0, 0, 0, 0, 0
  @ ARC_EPRA, 0 : lpx-h1, lpy-RAMY-OBV1, RRR-OBV1, 1, 0, 0, 0, 0, 0, 0
  @ LINE_EP, 0 : h1, lpy-RAMY-OBV1, 0, 0, 0, 0, 0, 0, 0
  @ ARC_EPRA, 0 : h1, RAMY+OBV1, RRR-OBV1, 1, 0, 0, 0, 0, 0, 1
  @ LINE_EP, 0 : h1+65, RAMY+OBV1, 0, 0, 0, 0, 0, 0, 0
  @ LINE_EP, 0 : h1+80, RAMY+OBV1, 0, -1, 0, 0, 0, 0, 0
  @ ENDPATH, 0 :

@ ROUT, 0 : "150", 0, "1", 0, 0, "", 1, 18, -1, 0, 0, 0, 0, 0, 0, 0, 0, 0, 0, 0, 0, 0, 0, 0, 0, 0, 0, 0, 1, 0, 0, 0, 0, 1, 0, 0, 0, 0, 0, 1, 0, -1, 0, 5000, 18000, 0, 8000, "150", 103, 1, 0, 0, 90, 0, 0, 0, 0, 0, 0, 90, 0, 0, 0, 0, 0, 0, 0, 0, 0, 0, "", 0, 0, 0, 0, 0, 0, 0, 0, 0, "", 5, 0, 20, 80, 60, 0, "", "", "ROUT", 0, 1, 1, 0, 0, 0, 0, 0, 0, 0, 0, 0, 0, 0, 0, 0, 0, 2000, 0, 0.1, 0, 0, 0, 1, 110
  @ START_POINT, 0 : h3+10, RAMY+OBV3, 0
  @ LINE_EP, 0 : lpx-h3, RAMY+OBV3, T_9, 0, 0, 0, 0, 0, 0
  @ ARC_EPRA, 0 : lpx-h3, lpy-RAMY-OBV3, RRR-OBV3, 1, 0, 0, 0, 0, 0, 0
  @ LINE_EP, 0 : h3, lpy-RAMY-OBV3, 0, 0, 0, 0, 0, 0, 0
  @ ARC_EPRA, 0 : h3, RAMY+OBV3, RRR-OBV3, 1, 0, 0, 0, 0, 0, 1
  @ LINE_EP, 0 : h3+20, RAMY+OBV3, 0, 0, 0, 0, 0, 0, 0
  @ LINE_EP, 0 : h3+50, RAMY+OBV3, 0, -1, 0, 0, 0, 0, 0
  @ ENDPATH, 0 :
  
@ ROUT, 0 : "150", 0, "1", 0, 0, "", 1, 18, -1, 0, 0, 0, 0, 0, 0, 0, 0, 0, 0, 0, 0, 0, 0, 0, 0, 0, 0, 0, 1, 0, 0, 0, 0, 1, 0, 0, 0, 0, 0, 1, 0, -1, 0, 5000, 18000, 0, 8000, "150", 103, 1, 0, 0, 90, 0, 0, 0, 0, 0, 0, 90, 0, 0, 0, 0, 0, 0, 0, 0, 0, 0, "", 0, 0, 0, 0, 0, 0, 0, 0, 0, "", 5, 0, 20, 80, 60, 0, "", "", "ROUT", 0, 1, 1, 0, 0, 0, 0, 0, 0, 0, 0, 0, 0, 0, 0, 0, 0, 2000, 0, 0.1, 0, 0, 0, 1, 110
  @ START_POINT, 0 : h5+10, RAMY+OBV5, 0
  @ LINE_EP, 0 : lpx-h5, RAMY+OBV5, T_3, 0, 0, 0, 0, 0, 0
  @ ARC_EPRA, 0 : lpx-h5, lpy-RAMY-OBV5, RRR-OBV5, 1, 0, 0, 0, 0, 0, 0
  @ LINE_EP, 0 : h5, lpy-RAMY-OBV5, 0, 0, 0, 0, 0, 0, 0
  @ ARC_EPRA, 0 : h5, RAMY+OBV5, RRR-OBV5, 1, 0, 0, 0, 0, 0, 1
  @ LINE_EP, 0 : h5+20, RAMY+OBV5, 0, 0, 0, 0, 0, 0, 0
  @ LINE_EP, 0 : h5+50, RAMY+OBV5, 0, -1, 0, 0, 0, 0, 0
  @ ENDPATH, 0 :  

' kray18
  
@ ROUT, 0 : "144", 0, "1", 0, 0, "", 1, 18, -1, 0, 0, 0, 0, 0, 0, 0, 0, 0, 0, 0, 0, 0, 0, 0, 0, 0, 0, 0, 1, 0, 0, 0, 0, 1, 0, 0, 0, 0, 0, 1, 0, -1, 0, 5000, 18000, 0, 8000, "144", 103, 1, 0, 0, 90, 0, 0, 0, 0, 0, 0, 90, 0, 0, 0, 0, 0, 0, 0, 0, 0, 0, "", 0, 0, 0, 0, 0, 0, 0, 0, 0, "", 5, 0, 20, 80, 60, 0, "", "", "ROUT", 0, 1, 1, 0, 0, 0, 0, 0, 0, 0, 0, 0, 0, 0, 0, 0, 0, 2000, 0, 0.1, 0, 0, 0, 99, 0
  @ START_POINT, 0 : h4+20, RAMY+OBV4, 0
  @ LINE_EP, 0 : lpx-h4, RAMY+OBV4, T_9, 0, 0, 0, 0, 0, 0
  @ LINE_EP, 0 : lpx-h10, RAMY+OBV4-10, 0, -10, 0, 0, 0, 0, 0
  @ LINE_EP, 0 : lpx-h4, RAMY+OBV4, 0, 10, 0, 0, 0, 0, 0
  @ ARC_EPRA, 0 : lpx-h4, lpy-RAMY-OBV4, RRR-OBV4, 1, 0, 0, 0, 0, 0, 0
  @ LINE_EP, 0 : lpx-h10, lpy-RAMY-OBV4+10, 0, -10, 0, 0, 0, 0, 0
  @ LINE_EP, 0 : lpx-h4, lpy-RAMY-OBV4, 0, 10, 0, 0, 0, 0, 0
  @ LINE_EP, 0 : h4, lpy-RAMY-OBV4, 0, 0, 0, 0, 0, 0, 0
  @ LINE_EP, 0 : h10, lpy-RAMY-OBV4+10, 0, -10, 0, 0, 0, 0, 0
  @ LINE_EP, 0 : h4, lpy-RAMY-OBV4, 0, 10, 0, 0, 0, 0, 0
  @ ARC_EPRA, 0 : h4, RAMY+OBV4, RRR-OBV4, 1, 0, 0, 0, 0, 0, 1
  @ LINE_EP, 0 : h10, RAMY+OBV4-10, 0, -10, 0, 0, 0, 0, 0
  @ LINE_EP, 0 : h4, RAMY+OBV4, 0, 10, 0, 0, 0, 0, 0
  @ LINE_EP, 0 : h4+30, RAMY+OBV4, 0, 0, 0, 0, 0, 0, 0
  @ LINE_EP, 0 : h4+60, RAMY+OBV4, 0, -1, 0, 0, 0, 0, 0
  @ ENDPATH, 0 :  
  
@ ROUT, 0 : "144", 0, "1", 0, 0, "", 1, 18, -1, 0, 0, 0, 0, 0, 0, 0, 0, 0, 0, 0, 0, 0, 0, 0, 0, 0, 0, 0, 1, 0, 0, 0, 0, 1, 0, 0, 0, 0, 0, 1, 0, -1, 0, 5000, 18000, 0, 8000, "144", 103, 1, 0, 0, 90, 0, 0, 0, 0, 0, 0, 90, 0, 0, 0, 0, 0, 0, 0, 0, 0, 0, "", 0, 0, 0, 0, 0, 0, 0, 0, 0, "", 5, 0, 20, 80, 60, 0, "", "", "ROUT", 0, 1, 1, 0, 0, 0, 0, 0, 0, 0, 0, 0, 0, 0, 0, 0, 0, 2000, 0, 0.1, 0, 0, 0, 99, 0
  @ START_POINT, 0 : h6+20, RAMY+OBV6, 0
  @ LINE_EP, 0 : lpx-h6, RAMY+OBV6, T_3, 0, 0, 0, 0, 0, 0
  @ LINE_EP, 0 : lpx-h11, RAMY+OBV6-10, 0, -10, 0, 0, 0, 0, 0
  @ LINE_EP, 0 : lpx-h6, RAMY+OBV6, 0, 10, 0, 0, 0, 0, 0
  @ ARC_EPRA, 0 : lpx-h6, lpy-RAMY-OBV6, RRR-OBV6, 1, 0, 0, 0, 0, 0, 0
  @ LINE_EP, 0 : lpx-h11, lpy-RAMY-OBV6+10, 0, -10, 0, 0, 0, 0, 0
  @ LINE_EP, 0 : lpx-h6, lpy-RAMY-OBV6, 0, 10, 0, 0, 0, 0, 0
  @ LINE_EP, 0 : h6, lpy-RAMY-OBV6, 0, 0, 0, 0, 0, 0, 0
  @ LINE_EP, 0 : h11, lpy-RAMY-OBV6+10, 0, -10, 0, 0, 0, 0, 0
  @ LINE_EP, 0 : h6, lpy-RAMY-OBV6, 0, 10, 0, 0, 0, 0, 0
  @ ARC_EPRA, 0 : h6, RAMY+OBV6, RRR-OBV6, 1, 0, 0, 0, 0, 0, 1
  @ LINE_EP, 0 : h11, RAMY+OBV6-10, 0, -10, 0, 0, 0, 0, 0
  @ LINE_EP, 0 : h6, RAMY+OBV6, 0, 10, 0, 0, 0, 0, 0
  @ LINE_EP, 0 : h6+30, RAMY+OBV6, 0, 0, 0, 0, 0, 0, 0
  @ LINE_EP, 0 : h6+60, RAMY+OBV6, 0, -1, 0, 0, 0, 0, 0
  @ ENDPATH, 0 : 
  
@ ROUT, 0 : "144_1", 0, "1", 0, 0, "", 1, 18, -1, 0, 0, 0, 0, 0, 0, 0, 0, 0, 0, 0, 0, 0, 0, 0, 0, 0, 0, 0, 1, 0, 0, 0, 0, 1, 0, 0, 0, 0, 0, 1, 0, -1, 0, 5000, 18000, 0, 8000, "144", 103, 1, 0, 0, 90, 0, 0, 0, 0, 0, 0, 90, 0, 0, 0, 0, 0, 0, 0, 0, 0, 0, "", 0, 0, 0, 0, 0, 0, 0, 0, 0, "", 5, 0, 20, 80, 60, 0, "", "", "ROUT", 0, 1, 1, 0, 0, 0, 0, 0, 0, 0, 0, 0, 0, 0, 0, 0, 0, 2000, 0, 0.1, 0, 0, 0, 1, 110
  @ START_POINT, 0 : h7, RAMY+OBV7, 0
  @ LINE_EP, 0 : h9, RAMY+OBV7-6, 1, 0, 0, 0, 0, 0, 0
  @ LINE_EP, 0 : -15, RAMY+OBV7-6, 0, 0, 0, 0, 0, 0, 0
  @ LINE_EP, 0 : -15, lpy-RAMY-OBV7+6, 0, 0, 0, 0, 0, 0, 0
  @ LINE_EP, 0 : h9, lpy-RAMY-OBV7+6, 0, 0, 0, 0, 0, 0, 0
  @ LINE_EP, 0 : h7, lpy-RAMY-OBV7, 0, 0, 0, 0, 0, 0, 0
  @ ENDPATH, 0 : 
  
@ ROUT, 0 : "144_1", 0, "1", 0, 0, "", 1, 18, -1, 0, 0, 0, 0, 0, 0, 0, 0, 0, 0, 0, 0, 0, 0, 0, 0, 0, 0, 0, 1, 0, 0, 0, 0, 1, 0, 0, 0, 0, 0, 1, 0, -1, 0, 5000, 18000, 0, 8000, "144", 103, 1, 0, 0, 90, 0, 0, 0, 0, 0, 0, 90, 0, 0, 0, 0, 0, 0, 0, 0, 0, 0, "", 0, 0, 0, 0, 0, 0, 0, 0, 0, "", 5, 0, 20, 80, 60, 0, "", "", "ROUT", 0, 1, 1, 0, 0, 0, 0, 0, 0, 0, 0, 0, 0, 0, 0, 0, 0, 2000, 0, 0.1, 0, 0, 0, 1, 110
  @ START_POINT, 0 : lpx-h7, RAMY+OBV7, 0
  @ LINE_EP, 0 : lpx-h9, RAMY+OBV7-6, 1, 0, 0, 0, 0, 0, 0
  @ LINE_EP, 0 : lpx+15, RAMY+OBV7-6, 0, 0, 0, 0, 0, 0, 0
  @ LINE_EP, 0 : lpx+15, lpy-RAMY-OBV7+6, 0, 0, 0, 0, 0, 0, 0
  @ LINE_EP, 0 : lpx-h9, lpy-RAMY-OBV7+6, 0, 0, 0, 0, 0, 0, 0
  @ LINE_EP, 0 : lpx-h7, lpy-RAMY-OBV7, 0, 0, 0, 0, 0, 0, 0
  @ ENDPATH, 0 : 
 
@ ROUT, 0 : "136_1", 0, "1", 0, 0, "", 1, 18, -1, 0, 0, 0, 0, 0, 0, 0, 0, 0, 0, 0, 0, 0, 0, 0, 0, 0, 0, 0, 1, 0, 0, 0, 0, 1, 0, 0, 0, 0, 0, 1, 0, -1, 0, 5000, 18000, 0, 8000, "136", 103, 1, 0, 0, 90, 0, 0, 0, 0, 0, 0, 90, 0, 0, 0, 0, 0, 0, 0, 0, 0, 0, "", 0, 0, 0, 0, 0, 0, 0, 0, 0, "", 5, 0, 20, 80, 60, 0, "", "", "ROUT", 0, 1, 1, 0, 0, 0, 0, 0, 0, 0, 0, 0, 0, 0, 0, 0, 0, 2000, 0, 0.1, 0, 0, 0, 1, 110
  @ START_POINT, 0 : h2+10, RAMY+OBV2, 0
  @ LINE_EP, 0 : lpx-h2, RAMY+OBV2, 2, 0, 0, 0, 0, 0, 0
  @ ARC_EPRA, 0 : lpx-h2, lpy-RAMY-OBV2, RRR-OBV2, 1, 0, 0, 0, 0, 0, 0
  @ LINE_EP, 0 : h2, lpy-RAMY-OBV2, 0, 0, 0, 0, 0, 0, 0
  @ ARC_EPRA, 0 : h2, RAMY+OBV2, RRR-OBV2, 1, 0, 0, 0, 0, 0, 1
  @ LINE_EP, 0 : h2+20, RAMY+OBV2, 0, 0, 0, 0, 0, 0, 0
  @ LINE_EP, 0 : h2+50, RAMY+OBV2, 0, -1, 0, 0, 0, 0, 0
  @ ENDPATH, 0 :  
  
@ ROUT, 0 : "136_2", 0, "1", 0, 0, "", 1, 18, -1, 0, 0, 0, 0, 0, 0, 0, 0, 0, 0, 0, 0, 0, 0, 0, 0, 0, 0, 0, 1, 0, 0, 0, 0, 1, 0, 0, 0, 0, 0, 1, 0, -1, 0, 5000, 18000, 0, 8000, "136", 103, 1, 0, 0, 90, 0, 0, 0, 0, 0, 0, 90, 0, 0, 0, 0, 0, 0, 0, 0, 0, 0, "", 0, 0, 0, 0, 0, 0, 0, 0, 0, "", 5, 0, 20, 80, 60, 0, "", "", "ROUT", 0, 1, 1, 0, 0, 0, 0, 0, 0, 0, 0, 0, 0, 0, 0, 0, 0, 2000, 0, 0.1, 0, 0, 0, 1, 110
  @ START_POINT, 0 : RAMX+10, RAMY, 0
  @ LINE_EP, 0 : lpx-RAMX, RAMY, 2, 0, 0, 0, 0, 0, 0
  @ ARC_EPRA, 0 : lpx-RAMX, lpy-RAMY, RRR, 1, 0, 0, 0, 0, 0, 0
  @ LINE_EP, 0 : RAMX, lpy-RAMY, 0, 0, 0, 0, 0, 0, 0
  @ ARC_EPRA, 0 : RAMX, RAMY, RRR, 1, 0, 0, 0, 0, 0, 1
  @ LINE_EP, 0 : RAMX+20, RAMY, 0, 0, 0, 0, 0, 0, 0
  @ LINE_EP, 0 : RAMX+50, RAMY, 0, -1, 0, 0, 0, 0, 0
  @ ENDPATH, 0 :  
  
@ ROUT, 0 : "136_3", 0, "1", 0, 0, "", 1, 18, -1, 0, 0, 0, 0, 0, 0, 0, 0, 0, 0, 0, 0, 0, 0, 0, 0, 0, 0, 0, 1, 0, 0, 0, 0, 1, 0, 0, 0, 0, 0, 1, 0, -1, 0, 5000, 18000, 0, 8000, "136", 103, 1, 0, 0, 90, 0, 0, 0, 0, 0, 0, 90, 0, 0, 0, 0, 0, 0, 0, 0, 0, 0, "", 0, 0, 0, 0, 0, 0, 0, 0, 0, "", 5, 0, 20, 80, 60, 0, "", "", "ROUT", 0, 1, 1, 0, 0, 0, 0, 0, 0, 0, 0, 0, 0, 0, 0, 0, 0, 2000, 0, 0.1, 0, 0, 0, 1, 110
  @ START_POINT, 0 : KANT+20, KANT, 0
  @ LINE_EP, 0 : lpx-KANT, KANT, 1.5, 0, 0, 0, 0, 0, 0
  @ LINE_EP, 0 : lpx-KANT, lpy-KANT, 0, 0, 0, 0, 0, 0, 0
  @ LINE_EP, 0 : KANT, lpy-KANT, 0, 0, 0, 0, 0, 0, 0
  @ LINE_EP, 0 : KANT, KANT, 0, 0, 0, 0, 0, 0, 0
  @ LINE_EP, 0 : KANT+30, KANT, 0, 0, 0, 0, 0, 0, 0
  @ LINE_EP, 0 : KANT+50, KANT, 0, -1, 0, 0, 0, 0, 0
  @ ENDPATH, 0 :  
