@ ROUT, 0 : "157", 0, "1", 0, 0, "", 1, 18, -1, 0, 0, 0, 0, 0, 0, 0, 0, 0, 0, 0, 0, 0, 0, 0, 0, 0, 0, 0, 1, 0, 0, 0, 0, 1, 0, 0, 0, 0, 0, 1, 0, -1, 0, 5000, 18000, 0, 8000, "157", 103, 1, 0, 0, 90, 0, 0, 0, 0, 0, 0, 90, 0, 0, 0, 0, 0, 0, 0, 0, 0, 0, "", 0, 0, 0, 0, 0, 0, 0, 0, 0, "", 5, 0, 20, 80, 60, 0, "", "", "ROUT", 0, 1, 1, 0, 0, 0, 0, 0, 0, 0, 0, 0, 0, 0, 0, 0, 0, 2000, 0, 0.1, 0, 0, 0, 1, 110
  @ START_POINT, 0 : RAMY+OBV0, lpy-h0-5, 0
  @ LINE_EP, 0 : RAMY+OBV0, h0+15, 0, T_9, 0, 0, 0, 0, 0
  @ LINE_EP, 0 : RAMY+OBV0, h0, 0, 0, 0, 0, 0, 0, 0
  @ ARC_EPRA, 0 : lpx-RAMY-OBV0, h0, RRR-OBV0, 1, 0, 0, 0, 0, 0, 0
  @ LINE_EP, 0 : lpx-RAMY-OBV0, lpy-h0, 0, 0, 0, 0, 0, 0, 0
  @ ARC_EPRA, 0 : RAMY+OBV0, lpy-h0, RRR-OBV0, 1, 0, 0, 0, 0, 0, 1
  @ LINE_EP, 0 : RAMY+OBV0, h0+10, 0, 0, 0, 0, 0, 0, 0
  @ LINE_EP, 0 : RAMY+OBV0, h0+5, 0, -1, 0, 0, 0, 0, 0
  @ ENDPATH, 0 :

@ ROUT, 0 : "156", 0, "1", 0, 0, "", 1, 18, -1, 0, 0, 0, 0, 0, 0, 0, 0, 0, 0, 0, 0, 0, 0, 0, 0, 0, 0, 0, 1, 0, 0, 0, 0, 1, 0, 0, 0, 0, 0, 1, 0, -1, 0, 5000, 18000, 0, 8000, "156", 103, 1, 0, 0, 90, 0, 0, 0, 0, 0, 0, 90, 0, 0, 0, 0, 0, 0, 0, 0, 0, 0, "", 0, 0, 0, 0, 0, 0, 0, 0, 0, "", 5, 0, 20, 80, 60, 0, "", "", "ROUT", 0, 1, 1, 0, 0, 0, 0, 0, 0, 0, 0, 0, 0, 0, 0, 0, 0, 2000, 0, 0.1, 0, 0, 0, 1, 110
  @ START_POINT, 0 : RAMY+OBV1, lpy-h1-5, 0
  @ LINE_EP, 0 : RAMY+OBV1, h1+15, 0, T_9, 0, 0, 0, 0, 0
  @ LINE_EP, 0 : RAMY+OBV1, h1, 0, 0, 0, 0, 0, 0, 0
  @ ARC_EPRA, 0 : lpx-RAMY-OBV1, h1, RRR-OBV1, 1, 0, 0, 0, 0, 0, 0
  @ LINE_EP, 0 : lpx-RAMY-OBV1, lpy-h1, 0, 0, 0, 0, 0, 0, 0
  @ ARC_EPRA, 0 : RAMY+OBV1, lpy-h1, RRR-OBV1, 1, 0, 0, 0, 0, 0, 1
  @ LINE_EP, 0 : RAMY+OBV1, h1+10, 0, 0, 0, 0, 0, 0, 0
  @ LINE_EP, 0 : RAMY+OBV1, h1+5, 0, -1, 0, 0, 0, 0, 0
  @ ENDPATH, 0 :
  
@ ROUT, 0 : "150", 0, "1", 0, 0, "", 1, 18, -1, 0, 0, 0, 0, 0, 0, 0, 0, 0, 0, 0, 0, 0, 0, 0, 0, 0, 0, 0, 1, 0, 0, 0, 0, 1, 0, 0, 0, 0, 0, 1, 0, -1, 0, 5000, 18000, 0, 8000, "150", 103, 1, 0, 0, 90, 0, 0, 0, 0, 0, 0, 90, 0, 0, 0, 0, 0, 0, 0, 0, 0, 0, "", 0, 0, 0, 0, 0, 0, 0, 0, 0, "", 5, 0, 20, 80, 60, 0, "", "", "ROUT", 0, 1, 1, 0, 0, 0, 0, 0, 0, 0, 0, 0, 0, 0, 0, 0, 0, 2000, 0, 0.1, 0, 0, 0, 1, 110
  @ START_POINT, 0 : RAMY+OBV3, lpy-h3-5, 0
  @ LINE_EP, 0 : RAMY+OBV3, h3, T_9, 0, 0, 0, 0, 0, 0
  @ ARC_EPRA, 0 : lpx-RAMY-OBV3, h3, RRR-OBV3, 1, 0, 0, 0, 0, 0, 0
  @ LINE_EP, 0 : lpx-RAMY-OBV3, lpy-h3, 0, 0, 0, 0, 0, 0, 0
  @ ARC_EPRA, 0 : RAMY+OBV3, lpy-h3, RRR-OBV3, 1, 0, 0, 0, 0, 0, 1
  @ LINE_EP, 0 : RAMY+OBV3, lpy-h3-10, 0, 0, 0, 0, 0, 0, 0
  @ LINE_EP, 0 : RAMY+OBV3, lpy-h3-15, 0, -1, 0, 0, 0, 0, 0
  @ ENDPATH, 0 :
  
@ ROUT, 0 : "150", 0, "1", 0, 0, "", 1, 18, -1, 0, 0, 0, 0, 0, 0, 0, 0, 0, 0, 0, 0, 0, 0, 0, 0, 0, 0, 0, 1, 0, 0, 0, 0, 1, 0, 0, 0, 0, 0, 1, 0, -1, 0, 5000, 18000, 0, 8000, "150", 103, 1, 0, 0, 90, 0, 0, 0, 0, 0, 0, 90, 0, 0, 0, 0, 0, 0, 0, 0, 0, 0, "", 0, 0, 0, 0, 0, 0, 0, 0, 0, "", 5, 0, 20, 80, 60, 0, "", "", "ROUT", 0, 1, 1, 0, 0, 0, 0, 0, 0, 0, 0, 0, 0, 0, 0, 0, 0, 2000, 0, 0.1, 0, 0, 0, 1, 110
  @ START_POINT, 0 : RAMY+OBV5, lpy-h5-5, 0
  @ LINE_EP, 0 : RAMY+OBV5, h5, T_3, 0, 0, 0, 0, 0, 0
  @ ARC_EPRA, 0 : lpx-RAMY-OBV5, h5, RRR-OBV5, 1, 0, 0, 0, 0, 0, 0
  @ LINE_EP, 0 : lpx-RAMY-OBV5, lpy-h5, 0, 0, 0, 0, 0, 0, 0
  @ ARC_EPRA, 0 : RAMY+OBV5, lpy-h5, RRR-OBV5, 1, 0, 0, 0, 0, 0, 1
  @ LINE_EP, 0 : RAMY+OBV5, lpy-h5-10, 0, 0, 0, 0, 0, 0, 0
  @ LINE_EP, 0 : RAMY+OBV5, lpy-h5-15, 0, -1, 0, 0, 0, 0, 0
  @ ENDPATH, 0 :  

' kray18

@ ROUT, 0 : "144", 0, "1", 0, 0, "", 1, 18, -1, 0, 0, 0, 0, 0, 0, 0, 0, 0, 0, 0, 0, 0, 0, 0, 0, 0, 0, 0, 1, 0, 0, 0, 0, 1, 0, 0, 0, 0, 0, 1, 0, -1, 0, 5000, 18000, 0, 8000, "144", 103, 1, 0, 0, 90, 0, 0, 0, 0, 0, 0, 90, 0, 0, 0, 0, 0, 0, 0, 0, 0, 0, "", 0, 0, 0, 0, 0, 0, 0, 0, 0, "", 5, 0, 20, 80, 60, 0, "", "", "ROUT", 0, 1, 1, 0, 0, 0, 0, 0, 0, 0, 0, 0, 0, 0, 0, 0, 0, 2000, 0, 0.1, 0, 0, 0, 1, 110
  @ START_POINT, 0 : RAMY+OBV4, lpy-h4-5, 0
  @ LINE_EP, 0 : RAMY+OBV4, h4, T_9, 0, 0, 0, 0, 0, 0
  @ LINE_EP, 0 : RAMY+OBV4-10, h10, 0, -10, 0, 0, 0, 0, 0
  @ LINE_EP, 0 : RAMY+OBV4, h4, 0, 10, 0, 0, 0, 0, 0
  @ ARC_EPRA, 0 : lpx-RAMY-OBV4, h4, RRR-OBV4, 1, 0, 0, 0, 0, 0, 0
  @ LINE_EP, 0 : lpx-RAMY-OBV4+10, h10, 0, -10, 0, 0, 0, 0, 0
  @ LINE_EP, 0 : lpx-RAMY-OBV4, h4, 0, 10, 0, 0, 0, 0, 0
  @ LINE_EP, 0 : lpx-RAMY-OBV4, lpy-h4, 0, 0, 0, 0, 0, 0, 0
  @ LINE_EP, 0 : lpx-RAMY-OBV4+10, lpy-h10, 0, -10, 0, 0, 0, 0, 0
  @ LINE_EP, 0 : lpx-RAMY-OBV4, lpy-h4, 0, 10, 0, 0, 0, 0, 0
  @ ARC_EPRA, 0 : RAMY+OBV4, lpy-h4, RRR-OBV4, 1, 0, 0, 0, 0, 0, 1
  @ LINE_EP, 0 : RAMY+OBV4-10, lpy-h10, 0, -10, 0, 0, 0, 0, 0
  @ LINE_EP, 0 : RAMY+OBV4, lpy-h4, 0, 10, 0, 0, 0, 0, 0
  @ LINE_EP, 0 : RAMY+OBV4, lpy-h4-10, 0, 0, 0, 0, 0, 0, 0
  @ LINE_EP, 0 : RAMY+OBV4, lpy-h4-15, 0, -1, 0, 0, 0, 0, 0
  @ ENDPATH, 0 :
  
@ ROUT, 0 : "144", 0, "1", 0, 0, "", 1, 18, -1, 0, 0, 0, 0, 0, 0, 0, 0, 0, 0, 0, 0, 0, 0, 0, 0, 0, 0, 0, 1, 0, 0, 0, 0, 1, 0, 0, 0, 0, 0, 1, 0, -1, 0, 5000, 18000, 0, 8000, "144", 103, 1, 0, 0, 90, 0, 0, 0, 0, 0, 0, 90, 0, 0, 0, 0, 0, 0, 0, 0, 0, 0, "", 0, 0, 0, 0, 0, 0, 0, 0, 0, "", 5, 0, 20, 80, 60, 0, "", "", "ROUT", 0, 1, 1, 0, 0, 0, 0, 0, 0, 0, 0, 0, 0, 0, 0, 0, 0, 2000, 0, 0.1, 0, 0, 0, 1, 110
  @ START_POINT, 0 : RAMY+OBV6, lpy-h6-5, 0
  @ LINE_EP, 0 : RAMY+OBV6, h6, T_3, 0, 0, 0, 0, 0, 0
  @ LINE_EP, 0 : RAMY+OBV6-10, h11, 0, -10, 0, 0, 0, 0, 0
  @ LINE_EP, 0 : RAMY+OBV6, h6, 0, 10, 0, 0, 0, 0, 0
  @ ARC_EPRA, 0 : lpx-RAMY-OBV6, h6, RRR-OBV6, 1, 0, 0, 0, 0, 0, 0
  @ LINE_EP, 0 : lpx-RAMY-OBV6+10, h11, 0, -10, 0, 0, 0, 0, 0
  @ LINE_EP, 0 : lpx-RAMY-OBV6, h6, 0, 10, 0, 0, 0, 0, 0
  @ LINE_EP, 0 : lpx-RAMY-OBV6, lpy-h6, 0, 0, 0, 0, 0, 0, 0
  @ LINE_EP, 0 : lpx-RAMY-OBV6+10, lpy-h11, 0, -10, 0, 0, 0, 0, 0
  @ LINE_EP, 0 : lpx-RAMY-OBV6, lpy-h6, 0, 10, 0, 0, 0, 0, 0
  @ ARC_EPRA, 0 : RAMY+OBV6, lpy-h6, RRR-OBV6, 1, 0, 0, 0, 0, 0, 1
  @ LINE_EP, 0 : RAMY+OBV6-10, lpy-h11, 0, -10, 0, 0, 0, 0, 0
  @ LINE_EP, 0 : RAMY+OBV6, lpy-h6, 0, 10, 0, 0, 0, 0, 0
  @ LINE_EP, 0 : RAMY+OBV6, lpy-h6-10, 0, 0, 0, 0, 0, 0, 0
  @ LINE_EP, 0 : RAMY+OBV6, lpy-h6-15, 0, -1, 0, 0, 0, 0, 0
  @ ENDPATH, 0 :
  
@ ROUT, 0 : "144_1", 0, "1", 0, 0, "", 1, 18, -1, 0, 0, 0, 0, 0, 0, 0, 0, 0, 0, 0, 0, 0, 0, 0, 0, 0, 0, 0, 1, 0, 0, 0, 0, 1, 0, 0, 0, 0, 0, 1, 0, -1, 0, 5000, 18000, 0, 8000, "144", 103, 1, 0, 0, 90, 0, 0, 0, 0, 0, 0, 90, 0, 0, 0, 0, 0, 0, 0, 0, 0, 0, "", 0, 0, 0, 0, 0, 0, 0, 0, 0, "", 5, 0, 20, 80, 60, 0, "", "", "ROUT", 0, 1, 1, 0, 0, 0, 0, 0, 0, 0, 0, 0, 0, 0, 0, 0, 0, 2000, 0, 0.1, 0, 0, 0, 1, 110
  @ START_POINT, 0 : RAMY+OBV7, lpy-h7, 0
  @ LINE_EP, 0 : RAMY+OBV7-6, lpy-h9, 1, 0, 0, 0, 0, 0, 0
  @ LINE_EP, 0 : RAMY+OBV7-6, lpy+15, 0, 0, 0, 0, 0, 0, 0
  @ LINE_EP, 0 : lpx-RAMY-OBV7+6, lpy+15, 0, 0, 0, 0, 0, 0, 0
  @ LINE_EP, 0 : lpx-RAMY-OBV7+6, lpy-h9, 0, 0, 0, 0, 0, 0, 0
  @ LINE_EP, 0 : lpx-RAMY-OBV7, lpy-h7, 0, 0, 0, 0, 0, 0, 0
  @ ENDPATH, 0 : 

@ ROUT, 0 : "144_1", 0, "1", 0, 0, "", 1, 18, -1, 0, 0, 0, 0, 0, 0, 0, 0, 0, 0, 0, 0, 0, 0, 0, 0, 0, 0, 0, 1, 0, 0, 0, 0, 1, 0, 0, 0, 0, 0, 1, 0, -1, 0, 5000, 18000, 0, 8000, "144", 103, 1, 0, 0, 90, 0, 0, 0, 0, 0, 0, 90, 0, 0, 0, 0, 0, 0, 0, 0, 0, 0, "", 0, 0, 0, 0, 0, 0, 0, 0, 0, "", 5, 0, 20, 80, 60, 0, "", "", "ROUT", 0, 1, 1, 0, 0, 0, 0, 0, 0, 0, 0, 0, 0, 0, 0, 0, 0, 2000, 0, 0.1, 0, 0, 0, 1, 110
  @ START_POINT, 0 : RAMY+OBV7, h7, 0
  @ LINE_EP, 0 : RAMY+OBV7-6, h9, 1, 0, 0, 0, 0, 0, 0
  @ LINE_EP, 0 : RAMY+OBV7-6, -15, 0, 0, 0, 0, 0, 0, 0
  @ LINE_EP, 0 : lpx-RAMY-OBV7+6, -15, 0, 0, 0, 0, 0, 0, 0
  @ LINE_EP, 0 : lpx-RAMY-OBV7+6, h9, 0, 0, 0, 0, 0, 0, 0
  @ LINE_EP, 0 : lpx-RAMY-OBV7, h7, 0, 0, 0, 0, 0, 0, 0
  @ ENDPATH, 0 : 
  
@ ROUT, 0 : "136_1", 0, "1", 0, 0, "", 1, 18, -1, 0, 0, 0, 0, 0, 0, 0, 0, 0, 0, 0, 0, 0, 0, 0, 0, 0, 0, 0, 1, 0, 0, 0, 0, 1, 0, 0, 0, 0, 0, 1, 0, -1, 0, 5000, 18000, 0, 8000, "136", 103, 1, 0, 0, 90, 0, 0, 0, 0, 0, 0, 90, 0, 0, 0, 0, 0, 0, 0, 0, 0, 0, "", 0, 0, 0, 0, 0, 0, 0, 0, 0, "", 5, 0, 20, 80, 60, 0, "", "", "ROUT", 0, 1, 1, 0, 0, 0, 0, 0, 0, 0, 0, 0, 0, 0, 0, 0, 0, 2000, 0, 0.1, 0, 0, 0, 1, 110
  @ START_POINT, 0 : RAMY+OBV2, lpy-h2-1, 0
  @ LINE_EP, 0 : RAMY+OBV2, h2, 2, 0, 0, 0, 0, 0, 0
  @ ARC_EPRA, 0 : lpx-RAMY-OBV2, h2, RRR-OBV2, 1, 0, 0, 0, 0, 0, 0
  @ LINE_EP, 0 : lpx-RAMY-OBV2, lpy-h2, 0, 0, 0, 0, 0, 0, 0
  @ ARC_EPRA, 0 : RAMY+OBV2, lpy-h2, RRR-OBV2, 1, 0, 0, 0, 0, 0, 1
  @ LINE_EP, 0 : RAMY+OBV2, lpy-h2-2, 0, 0, 0, 0, 0, 0, 0
  @ LINE_EP, 0 : RAMY+OBV2, lpy-h2-3, 0, -1, 0, 0, 0, 0, 0
  @ ENDPATH, 0 :   

@ ROUT, 0 : "136_2", 0, "1", 0, 0, "", 1, 18, -1, 0, 0, 0, 0, 0, 0, 0, 0, 0, 0, 0, 0, 0, 0, 0, 0, 0, 0, 0, 1, 0, 0, 0, 0, 1, 0, 0, 0, 0, 0, 1, 0, -1, 0, 5000, 18000, 0, 8000, "136", 103, 1, 0, 0, 90, 0, 0, 0, 0, 0, 0, 90, 0, 0, 0, 0, 0, 0, 0, 0, 0, 0, "", 0, 0, 0, 0, 0, 0, 0, 0, 0, "", 5, 0, 20, 80, 60, 0, "", "", "ROUT", 0, 1, 1, 0, 0, 0, 0, 0, 0, 0, 0, 0, 0, 0, 0, 0, 0, 2000, 0, 0.1, 0, 0, 0, 1, 110
  @ START_POINT, 0 : RAMY, lpy-RAMX-5, 0
  @ LINE_EP, 0 : RAMY, RAMX, 2, 0, 0, 0, 0, 0, 0
  @ ARC_EPRA, 0 : lpx-RAMY, RAMX, RRR, 1, 0, 0, 0, 0, 0, 0
  @ LINE_EP, 0 : lpx-RAMY, lpy-RAMX, 0, 0, 0, 0, 0, 0, 0
  @ ARC_EPRA, 0 : RAMY, lpy-RAMX, RRR, 1, 0, 0, 0, 0, 0, 1
  @ LINE_EP, 0 : RAMY, lpy-RAMX-10, 0, 0, 0, 0, 0, 0, 0
  @ LINE_EP, 0 : RAMY, lpy-RAMX-15, 0, -1, 0, 0, 0, 0, 0
  @ ENDPATH, 0 :  

@ ROUT, 0 : "136_3", 0, "1", 0, 0, "", 1, 18, -1, 0, 0, 0, 0, 0, 0, 0, 0, 0, 0, 0, 0, 0, 0, 0, 0, 0, 0, 0, 1, 0, 0, 0, 0, 1, 0, 0, 0, 0, 0, 1, 0, -1, 0, 5000, 18000, 0, 8000, "136", 103, 1, 0, 0, 90, 0, 0, 0, 0, 0, 0, 90, 0, 0, 0, 0, 0, 0, 0, 0, 0, 0, "", 0, 0, 0, 0, 0, 0, 0, 0, 0, "", 5, 0, 20, 80, 60, 0, "", "", "ROUT", 0, 1, 1, 0, 0, 0, 0, 0, 0, 0, 0, 0, 0, 0, 0, 0, 0, 2000, 0, 0.1, 0, 0, 0, 1, 110
  @ START_POINT, 0 : KANT+20, KANT, 0
  @ LINE_EP, 0 : lpx-KANT, KANT, 1.5, 0, 0, 0, 0, 0, 0
  @ LINE_EP, 0 : lpx-KANT, lpy-KANT, 0, 0, 0, 0, 0, 0, 0
  @ LINE_EP, 0 : KANT, lpy-KANT, 0, 0, 0, 0, 0, 0, 0
  @ LINE_EP, 0 : KANT, KANT, 0, 0, 0, 0, 0, 0, 0
  @ LINE_EP, 0 : KANT+30, KANT, 0, 0, 0, 0, 0, 0, 0
  @ LINE_EP, 0 : KANT+50, KANT, 0, -1, 0, 0, 0, 0, 0
  @ ENDPATH, 0 :  
