@ ROUT, 0 : "131", 0, "1", 0, 3, "", 1, 18, -1, 0, 0, 0, 0, 0, 0, 0, 0, 0, 0, 0, 0, 0, 0, 0, 0, 0, 0, 0, 1, 0, 0, 0, 0, 1, 0, 0, 0, 0, 0, 1, 0, -1, 0, 5000, 18000, 0, 8000, "131", 103, 1, 0, 0, 90, 0, 0, 0, 0, 0, 0, 90, 0, 0, 0, 0, 0, 0, 0, 0, 0, 0, "", 0, 0, 0, 0, 0, 0, 0, 0, 0, "", 5, 0, 20, 80, 60, 0, "", "", "ROUT", 0, 1, 1, 0, 0, 0, 0, 0, 0, 0, 0, 0, 0, 0, 0, 0, 0, 2000, 0, 0.1, 0, 0, 0, 1, 110
  @ START_POINT, 0 : -10, lpy, 0
  @ ARC_EPRA, 0 : 70, lpy-70, 80.71, 1, 0, 0, 0, 0, 0, 0
  @ LINE_EP, 0 : lpx+30, lpy-70, 0, 0, 0, 0, 0, 0, 0
  @ LINE_EP, 0 : lpx+30, 70, 0, 0, 0, 0, 0, 0, 0
  @ LINE_EP, 0 : 70, 70, 0, 0, 0, 0, 0, 0, 0
  @ ARC_EPRA, 0 : -10, 0, 80.71, 0, 0, 0, 0, 0, 0, 1
  @ ENDPATH, 0 :
  
@ ROUT, 0 : "150", 0, "1", 0, 2.5, "", 1, 18, -1, 0, 0, 0, 0, 0, 0, 0, 0, 0, 0, 0, 0, 0, 0, 0, 0, 0, 0, 0, 1, 0, 0, 0, 0, 1, 0, 0, 0, 0, 0, 1, 0, -1, 0, 5000, 18000, 0, 8000, "150", 103, 1, 0, 0, 90, 0, 0, 0, 0, 0, 0, 90, 0, 0, 0, 0, 0, 0, 0, 0, 0, 0, "", 0, 0, 0, 0, 0, 0, 0, 0, 0, "", 5, 0, 20, 80, 60, 0, "", "", "ROUT", 0, 1, 1, 0, 0, 0, 0, 0, 0, 0, 0, 0, 0, 0, 0, 0, 0, 2000, 0, 0.1, 0, 0, 0, 1, 110
  @ START_POINT, 0 : 90, lpy/2-rY, 0
  @ LINE_EP, 0 : lpx+30, lpy/2-rY, 0, 0, 0, 0, 0, 0, 0
  @ LINE_EP, 0 : lpx+30, lpy/2, 0, 0, 0, 0, 0, 0, 0
  @ LINE_EP, 0 : 70, lpy/2, 0, 0, 0, 0, 0, 0, 0
  @ LINE_EP, 0 : lpx+30, lpy/2, 0, 0, 0, 0, 0, 0, 0
  @ LINE_EP, 0 : lpx+30, lpy/2+rY, 0, 0, 0, 0, 0, 0, 0
  @ LINE_EP, 0 : 90, lpy/2+rY, 0, 0, 0, 0, 0, 0, 0
  @ ENDPATH, 0 :