@ ROUT, 0 : "131", 0, "1", 0, 3, "", 1, 18, -1, 0, 0, 0, 0, 0, 0, 0, 0, 0, 0, 0, 0, 0, 0, 0, 0, 0, 0, 0, 1, 0, 0, 0, 0, 1, 0, 0, 0, 0, 0, 1, 0, -1, 0, 5000, 18000, 0, 8000, "131", 103, 1, 0, 0, 90, 0, 0, 0, 0, 0, 0, 90, 0, 0, 0, 0, 0, 0, 0, 0, 0, 0, "", 0, 0, 0, 0, 0, 0, 0, 0, 0, "", 5, 0, 20, 80, 60, 0, "", "", "ROUT", 0, 1, 1, 0, 0, 0, 0, 0, 0, 0, 0, 0, 0, 0, 0, 0, 0, 2000, 0, 0.1, 0, 0, 0, 1, 110
  @ START_POINT, 0 : lpx, -10, 0
  @ ARC_EPRA, 0 : lpx-70, 70, 80.71, 2, 0, 0, 0, 0, 0, 0
  @ LINE_EP, 0 : lpx-70, lpy+30, 0, 0, 0, 0, 0, 0, 0
  @ LINE_EP, 0 : 70, lpy+30, 0, 0, 0, 0, 0, 0, 0
  @ LINE_EP, 0 : 70, 70, 0, 0, 0, 0, 0, 0, 0
  @ ARC_EPRA, 0 : 0, -10, 80.71, 2, 0, 0, 0, 0, 0, 0
  @ ENDPATH, 0 :
  
@ ROUT, 0 : "150", 0, "1", 0, 2.5, "", 1, 18, -1, 0, 0, 0, 0, 0, 0, 0, 0, 0, 0, 0, 0, 0, 0, 0, 0, 0, 0, 0, 1, 0, 0, 0, 0, 1, 0, 0, 0, 0, 0, 1, 0, -1, 0, 5000, 18000, 0, 8000, "150", 103, 1, 0, 0, 90, 0, 0, 0, 0, 0, 0, 90, 0, 0, 0, 0, 0, 0, 0, 0, 0, 0, "", 0, 0, 0, 0, 0, 0, 0, 0, 0, "", 5, 0, 20, 80, 60, 0, "", "", "ROUT", 0, 1, 1, 0, 0, 0, 0, 0, 0, 0, 0, 0, 0, 0, 0, 0, 0, 2000, 0, 0.1, 0, 0, 0, 1, 110
  @ START_POINT, 0 : lpx/2-rY, 90, 0
  @ LINE_EP, 0 : lpx/2-rY, lpy+30, 0, 0, 0, 0, 0, 0, 0
  @ LINE_EP, 0 : lpx/2, lpy+30, 0, 0, 0, 0, 0, 0, 0
  @ LINE_EP, 0 : lpx/2, 70, 0, 0, 0, 0, 0, 0, 0
  @ LINE_EP, 0 : lpx/2, lpy+30, 0, 0, 0, 0, 0, 0, 0
  @ LINE_EP, 0 : lpx/2+rY, lpy+30, 0, 0, 0, 0, 0, 0, 0
  @ LINE_EP, 0 : lpx/2+rY, 90, 0, 0, 0, 0, 0, 0, 0
  @ ENDPATH, 0 :
