@ ROUT, 0 : "157", 0, "1", 0, 0, "", 1, 18, -1, 0, 0, 0, 0, 0, 0, 0, 0, 0, 0, 0, 0, 0, 0, 0, 0, 0, 0, 0, 1, 0, 0, 0, 0, 1, 0, 0, 0, 0, 0, 1, 0, -1, 0, 5000, 18000, 0, 8000, "157", 103, 1, 0, 0, 90, 0, 0, 0, 0, 0, 0, 90, 0, 0, 0, 0, 0, 0, 0, 0, 0, 0, "", 0, 0, 0, 0, 0, 0, 0, 0, 0, "", 5, 0, 20, 80, 60, 0, "", "", "ROUT", 0, 1, 1, 0, 0, 0, 0, 0, 0, 0, 0, 0, 0, 0, 0, 0, 0, 2000, 0, 0.1, 0, 0, 0, 1, 110
  @ START_POINT, 0 : RAMY+OBV0+10, RAMY+OBV0, 0
  @ LINE_EP, 0 : RAMY+OBV0+80, RAMY+OBV0, 0, T_7.5, 0, 0, 0, 0, 0
  @ LINE_EP, 0 : lpx-RAMY-OBV0, RAMY+OBV0, 0, 0, 0, 0, 0, 0, 0
  @ LINE_EP, 0 : lpx-RAMY-OBV0, lpy-h0, 0, 0, 0, 0, 0, 0, 0
  @ ARC_EPRA, 0 : RAMY+OBV0, lpy-h0, RRR-OBV0, 1, 0, 0, 0, 0, 0, 1
  @ LINE_EP, 0 : RAMY+OBV0, RAMY+OBV0, 0, 0, 0, 0, 0, 0, 0
  @ LINE_EP, 0 : RAMY+OBV0+90, RAMY+OBV0, 0, 0, 0, 0, 0, 0, 0
  @ LINE_EP, 0 : RAMY+OBV0+110, RAMY+OBV0, 0, -1, 0, 0, 0, 0, 0
  @ ENDPATH, 0 :

@ ROUT, 0 : "150", 0, "1", 0, 0, "", 1, 18, -1, 0, 0, 0, 0, 0, 0, 0, 0, 0, 0, 0, 0, 0, 0, 0, 0, 0, 0, 0, 1, 0, 0, 0, 0, 1, 0, 0, 0, 0, 0, 1, 0, -1, 0, 5000, 18000, 0, 8000, "150", 103, 1, 0, 0, 90, 0, 0, 0, 0, 0, 0, 90, 0, 0, 0, 0, 0, 0, 0, 0, 0, 0, "", 0, 0, 0, 0, 0, 0, 0, 0, 0, "", 5, 0, 20, 80, 60, 0, "", "", "ROUT", 0, 1, 1, 0, 0, 0, 0, 0, 0, 0, 0, 0, 0, 0, 0, 0, 0, 2000, 0, 0.1, 0, 0, 0, 1, 110
  @ START_POINT, 0 : RAMY+OBV3+20, RAMY+OBV3, 0
  @ LINE_EP, 0 : lpx-RAMY-OBV3, RAMY+OBV3, T_7.5, 0, 0, 0, 0, 0, 0
  @ LINE_EP, 0 : lpx-RAMY-OBV3, lpy-h3, 0, 0, 0, 0, 0, 0, 0
  @ ARC_EPRA, 0 : RAMY+OBV3, lpy-h3, RRR-OBV3, 1, 0, 0, 0, 0, 0, 1
  @ LINE_EP, 0 : RAMY+OBV3, RAMY+OBV3, 0, 0, 0, 0, 0, 0, 0
  @ LINE_EP, 0 : RAMY+OBV3+30, RAMY+OBV3, 0, 0, 0, 0, 0, 0, 0
  @ LINE_EP, 0 : RAMY+OBV3+60, RAMY+OBV3, 0, -1, 0, 0, 0, 0, 0
  @ ENDPATH, 0 :
  
@ ROUT, 0 : "150", 0, "1", 0, 0, "", 1, 18, -1, 0, 0, 0, 0, 0, 0, 0, 0, 0, 0, 0, 0, 0, 0, 0, 0, 0, 0, 0, 1, 0, 0, 0, 0, 1, 0, 0, 0, 0, 0, 1, 0, -1, 0, 5000, 18000, 0, 8000, "150", 103, 1, 0, 0, 90, 0, 0, 0, 0, 0, 0, 90, 0, 0, 0, 0, 0, 0, 0, 0, 0, 0, "", 0, 0, 0, 0, 0, 0, 0, 0, 0, "", 5, 0, 20, 80, 60, 0, "", "", "ROUT", 0, 1, 1, 0, 0, 0, 0, 0, 0, 0, 0, 0, 0, 0, 0, 0, 0, 2000, 0, 0.1, 0, 0, 0, 1, 110
  @ START_POINT, 0 : RAMY+OBV5+20, RAMY+OBV5, 0
  @ LINE_EP, 0 : lpx-RAMY-OBV5, RAMY+OBV5, T_1.5, 0, 0, 0, 0, 0, 0
  @ LINE_EP, 0 : lpx-RAMY-OBV5, lpy-h5, 0, 0, 0, 0, 0, 0, 0
  @ ARC_EPRA, 0 : RAMY+OBV5, lpy-h5, RRR-OBV5, 1, 0, 0, 0, 0, 0, 1
  @ LINE_EP, 0 : RAMY+OBV5, RAMY+OBV5, 0, 0, 0, 0, 0, 0, 0
  @ LINE_EP, 0 : RAMY+OBV5+30, RAMY+OBV5, 0, 0, 0, 0, 0, 0, 0
  @ LINE_EP, 0 : RAMY+OBV5+60, RAMY+OBV5, 0, -1, 0, 0, 0, 0, 0
  @ ENDPATH, 0 :
  
' kray18

@ ROUT, 0 : "144", 0, "1", 0, 0, "", 1, 18, -1, 0, 0, 0, 0, 0, 0, 0, 0, 0, 0, 0, 0, 0, 0, 0, 0, 0, 0, 0, 1, 0, 0, 0, 0, 1, 0, 0, 0, 0, 0, 1, 0, -1, 0, 5000, 18000, 0, 8000, "144", 103, 1, 0, 0, 90, 0, 0, 0, 0, 0, 0, 90, 0, 0, 0, 0, 0, 0, 0, 0, 0, 0, "", 0, 0, 0, 0, 0, 0, 0, 0, 0, "", 5, 0, 20, 80, 60, 0, "", "", "ROUT", 0, 1, 1, 0, 0, 0, 0, 0, 0, 0, 0, 0, 0, 0, 0, 0, 0, 2000, 0, 0.1, 0, 0, 0, 1, 110
  @ START_POINT, 0 : RAMY+OBV4+20, RAMY+OBV4, 0
  @ LINE_EP, 0 : lpx-RAMY-OBV4, RAMY+OBV4, T_7.5, 0, 0, 0, 0, 0, 0
  @ LINE_EP, 0 : lpx-RAMY-OBV4+10, RAMY+OBV4-10, 0, -10, 0, 0, 0, 0, 0
  @ LINE_EP, 0 : lpx-RAMY-OBV4, RAMY+OBV4, 0, 10, 0, 0, 0, 0, 0
  @ LINE_EP, 0 : lpx-RAMY-OBV4, lpy-h4, 0, 0, 0, 0, 0, 0, 0
  @ LINE_EP, 0 : lpx-RAMY-OBV4+10, lpy-h10, 0, -10, 0, 0, 0, 0, 0
  @ LINE_EP, 0 : lpx-RAMY-OBV4, lpy-h4, 0, 10, 0, 0, 0, 0, 0
  @ ARC_EPRA, 0 : RAMY+OBV4, lpy-h4, RRR-OBV4, 1, 0, 0, 0, 0, 0, 1
  @ LINE_EP, 0 : RAMY+OBV4-10, lpy-h10, 0, -10, 0, 0, 0, 0, 0
  @ LINE_EP, 0 : RAMY+OBV4, lpy-h4, 0, 10, 0, 0, 0, 0, 0
  @ LINE_EP, 0 : RAMY+OBV4, RAMY+OBV4, 0, 0, 0, 0, 0, 0, 0
  @ LINE_EP, 0 : RAMY+OBV4-10, RAMY+OBV4-10, 0, -10, 0, 0, 0, 0, 0
  @ LINE_EP, 0 : RAMY+OBV4, RAMY+OBV4, 0, 10, 0, 0, 0, 0, 0
  @ LINE_EP, 0 : RAMY+OBV4+30, RAMY+OBV4, 0, 0, 0, 0, 0, 0, 0
  @ LINE_EP, 0 : RAMY+OBV4+60, RAMY+OBV4, 0, -1, 0, 0, 0, 0, 0
  @ ENDPATH, 0 :
  
@ ROUT, 0 : "144", 0, "1", 0, 0, "", 1, 18, -1, 0, 0, 0, 0, 0, 0, 0, 0, 0, 0, 0, 0, 0, 0, 0, 0, 0, 0, 0, 1, 0, 0, 0, 0, 1, 0, 0, 0, 0, 0, 1, 0, -1, 0, 5000, 18000, 0, 8000, "144", 103, 1, 0, 0, 90, 0, 0, 0, 0, 0, 0, 90, 0, 0, 0, 0, 0, 0, 0, 0, 0, 0, "", 0, 0, 0, 0, 0, 0, 0, 0, 0, "", 5, 0, 20, 80, 60, 0, "", "", "ROUT", 0, 1, 1, 0, 0, 0, 0, 0, 0, 0, 0, 0, 0, 0, 0, 0, 0, 2000, 0, 0.1, 0, 0, 0, 1, 110
  @ START_POINT, 0 : RAMY+OBV6+20, RAMY+OBV6, 0
  @ LINE_EP, 0 : lpx-RAMY-OBV6, RAMY+OBV6, T_1.5, 0, 0, 0, 0, 0, 0
  @ LINE_EP, 0 : lpx-RAMY-OBV6+10, RAMY+OBV6-10, 0, -10, 0, 0, 0, 0, 0
  @ LINE_EP, 0 : lpx-RAMY-OBV6, RAMY+OBV6, 0, 10, 0, 0, 0, 0, 0
  @ LINE_EP, 0 : lpx-RAMY-OBV6, lpy-h6, 0, 0, 0, 0, 0, 0, 0
  @ LINE_EP, 0 : lpx-RAMY-OBV6+10, lpy-h11, 0, -10, 0, 0, 0, 0, 0
  @ LINE_EP, 0 : lpx-RAMY-OBV6, lpy-h6, 0, 10, 0, 0, 0, 0, 0
  @ ARC_EPRA, 0 : RAMY+OBV6, lpy-h6, RRR-OBV6, 1, 0, 0, 0, 0, 0, 1
  @ LINE_EP, 0 : RAMY+OBV6-10, lpy-h11, 0, -10, 0, 0, 0, 0, 0
  @ LINE_EP, 0 : RAMY+OBV6, lpy-h6, 0, 10, 0, 0, 0, 0, 0
  @ LINE_EP, 0 : RAMY+OBV6, RAMY+OBV6, 0, 0, 0, 0, 0, 0, 0
  @ LINE_EP, 0 : RAMY+OBV6-10, RAMY+OBV6-10, 0, -10, 0, 0, 0, 0, 0
  @ LINE_EP, 0 : RAMY+OBV6, RAMY+OBV6, 0, 10, 0, 0, 0, 0, 0
  @ LINE_EP, 0 : RAMY+OBV6+30, RAMY+OBV6, 0, 0, 0, 0, 0, 0, 0
  @ LINE_EP, 0 : RAMY+OBV6+60, RAMY+OBV6, 0, -1, 0, 0, 0, 0, 0
  @ ENDPATH, 0 : 

@ ROUT, 0 : "144_1", 0, "1", 0, 0, "", 1, 18, -1, 0, 0, 0, 0, 0, 0, 0, 0, 0, 0, 0, 0, 0, 0, 0, 0, 0, 0, 0, 1, 0, 0, 0, 0, 1, 0, 0, 0, 0, 0, 1, 0, -1, 0, 5000, 18000, 0, 8000, "144", 103, 1, 0, 0, 90, 0, 0, 0, 0, 0, 0, 90, 0, 0, 0, 0, 0, 0, 0, 0, 0, 0, "", 0, 0, 0, 0, 0, 0, 0, 0, 0, "", 5, 0, 20, 80, 60, 0, "", "", "ROUT", 0, 1, 1, 0, 0, 0, 0, 0, 0, 0, 0, 0, 0, 0, 0, 0, 0, 2000, 0, 0.1, 0, 0, 0, 1, 110
  @ START_POINT, 0 : RAMY+OBV6, -20, 0
  @ LINE_EP, 0 : RAMY+OBV6, lpy+20, T_1.5, 0, 0, 0, 0, 0, 0
  @ LINE_EP, 0 : lpx-RAMY-OBV6, lpy+20, 0, 0, 0, 0, 0, 0, 0
  @ LINE_EP, 0 : lpx-RAMY-OBV6, -20, 0, 0, 0, 0, 0, 0, 0
  @ ENDPATH, 0 :   
  
@ ROUT, 0 : "132", 0, "1", 0, 0, "", 1, 18, -1, 0, 0, 0, 0, 0, 0, 0, 0, 0, 0, 0, 0, 0, 0, 0, 0, 0, 0, 0, 1, 0, 0, 0, 0, 1, 0, 0, 0, 0, 0, 1, 0, -1, 0, 5000, 18000, 0, 8000, "132", 103, 1, 0, 0, 90, 0, 0, 0, 0, 0, 0, 90, 0, 0, 0, 0, 0, 0, 0, 0, 0, 0, "", 0, 0, 0, 0, 0, 0, 0, 0, 0, "", 5, 0, 20, 80, 60, 0, "", "", "ROUT", 0, 1, 1, 0, 0, 0, 0, 0, 0, 0, 0, 0, 0, 0, 0, 0, 0, 2000, 0, 0.1, 0, 0, 0, 1, 110
  @ START_POINT, 0 : RAMY+OBV1+10, RAMY+OBV1, 0
  @ LINE_EP, 0 : RAMY+OBV1+80, RAMY+OBV1, 0, 15.2, 0, 0, 0, 0, 0
  @ LINE_EP, 0 : lpx-RAMY-OBV1, RAMY+OBV1, 0, 0, 0, 0, 0, 0, 0
  @ LINE_EP, 0 : lpx-RAMY-OBV1, lpy-h1, 0, 0, 0, 0, 0, 0, 0
  @ ARC_EPRA, 0 : RAMY+OBV1, lpy-h1, RRR-OBV1, 1, 0, 0, 0, 0, 0, 1
  @ LINE_EP, 0 : RAMY+OBV1, RAMY+OBV1, 0, 0, 0, 0, 0, 0, 0
  @ LINE_EP, 0 : RAMY+OBV1+90, RAMY+OBV1, 0, 0, 0, 0, 0, 0, 0
  @ LINE_EP, 0 : RAMY+OBV1+110, RAMY+OBV1, 0, -1, 0, 0, 0, 0, 0
  @ ENDPATH, 0 :
  