#@#
0001|Санакин           |09.01.2025|30.01.2025|0|    25|  .  |09.01|10.01|10.01|  .  |--.--|  .  |  .  |  |0||688||| 0.8|||0.55|1|0.00|2509|0.00|П/белый|
I  -  16 ст-т||||||4562||||||0.55|0|0|0|0|0| 0| 0| 0| 0| 0| 0|0|211010000|09.01||| 2509||
1|955|577|1||16|15/БФ|Фасад||688|0.55|0.55|
#@#
0002|Третьяков         |09.01.2025|30.01.2025|0|      |  .  |09.01|10.01|10.01|  .  |--.--|  .  |  .  |  |0||666||| 0.4|||0.31|3|0.00|1414|0.00|П/белый|
I  -  16 ст-т||||||4562||||||0.31|0|0|0|0|0| 0| 0| 0| 0| 0| 0|0|211010000|||| 1414||
1|644|160|3||16|16/БФ|Фасад||666|0.31|0.31|
#@#
0003|Лазаренко С.Н.    |09.01.2025|30.01.2025|0|      |  .  |09.01|10.01|10.01|  .  |--.--|  .  |  .  |  |0||474||| 1.1|||0.77|9|0.00|3513|0.00|П/белый|
I  -  16 ст-т||||||4562||||||0.77|0|0|0|0|0| 0| 0| 0| 0| 0| 0|0|211010000|||| 3513||
1|600|620|1||16|17/БФ|Фасад|р2|474|0.37|0.37|
2|1400|40|4||16|17/БФ|Фасад|р2|474|0.22|0.22|
3|1100|40|4||16|17/БФ|Фасад|р2|474|0.18|0.18|
#@#
0004|Лазаренко С.Н.    |09.01.2025|30.01.2025|0|      |  .  |09.01|10.01|10.01|  .  |--.--|  .  |  .  |  |0||378|||21.5|||14.41|45|0.00|67516|0.00|П/белый|
I  -  16 не ст-т|II -  22КАРНисп1|||||4513|7739|||||13.64|0.77|0|0|0|0| 0| 0| 0| 0| 0| 0|0|211010000|||| 67516||
1|2452|416|1||104|15/ФП|Фасад|РИСУНОК|378|1.02|1.02|
2|724|307|2||104|15/ФП|Фасад||378|0.45|0.45|
3|1628|307|2||104|15/ФП|СТЕКЛО||378|1|1|
4|526|423|2||104|15/ФП|Фасад||378|0.45|0.45|
5|724|348|4||104|15/ФП|Фасад||378|1.01|1.01|
6|361|797|2||104|15/ФП|Фасад||378|0.58|0.58|
7|724|100|1||104|15/ФП|Планка||378|0.07|0.07|
8|724|422|2||104|15/ФП|Фасад||378|0.61|0.61|
9|1628|422|2||104|15/ФП|Фасад||378|1.38|1.38|
10|361|597|2||104|15/ФП|Фасад||378|0.43|0.43|
11|178|597|2||104|15/ФП|ПСЯ||378|0.21|0.21|
12|724|596|1||104|15/ФП|Фасад||378|0.43|0.43|
13|724|181|1||104|15/ФП|Бутыл.||378|0.13|0.13|
14|724|534|1||104|15/ФП|Фасад||378|0.39|0.39|
15|996|297|2||104|15/ФП|Фасад||378|0.59|0.59|
16|996|258|1||104|15/ФП|Фасад||378|0.26|0.26|
17|996|348|2||104|15/ФП|Фасад||378|0.69|0.69|
18|996|100|1||104|15/ФП|Планка||378|0.1|0.1|
19|996|468|2||104|15/ФП|Фасад||378|0.93|0.93|
20|996|398|2||104|15/ФП|Фасад||378|0.79|0.79|
21|996|347|2||104|15/ФП|Фасад||378|0.69|0.69|
22|792|397|2||104|15/ФП|Фасад||378|0.63|0.63|
23|1007|398|2||104|15/ФП|Фасад||378|0.8|0.8|
24|2400|80|4||КАРНИЗ1|.|.|22мм.|378|0.77|||0.77|
#@#
0005|Докучаев          |09.01.2025|30.01.2025|0|    25|  .  |09.01|10.01|  .  |  .  |--.--|  .  |  .  |  |0||760|739|| 9.8| 3.2||8.75|27|0.00|39918|0.00|П/белый|
I  -  16 ст-т||||||4562||||||8.75|0|0|0|0|0| 0| 0| 0| 0| 0| 0|0|210010000|09.01||| 39918||
1|746|443|4||16|19/БФ|Фасад|Р2|739|1.32|1.32|
2|372|594|2||16|19/БФ|Фасад|Р2|739|0.44|0.44|
3|705|598|1||16|19/БФ|Фасад|Р2|739|0.42|0.42|
4|416|598|4||16|19/БФ|Фасад|Р2|760|1|1|
5|416|602|1||16|19/БФ|Фасад|Р2|760|0.25|0.25|
6|666|613|1||16|19/БФ|Фасад|Р2|760|0.41|0.41|
7|666|597|2||16|19/БФ|Фасад|Р2|760|0.8|0.8|
8|968|597|1||16|19/БФ|Фасад|Р2|760|0.58|0.58|
9|1925|597|1||16|19/БФ|Фасад|Р2|760|1.15|1.15|
10|735|448|3||16|19/БФ|Фасад|Р2|760|0.99|0.99|
11|735|596|1||16|19/БФ|Фасад|Р2|760|0.44|0.44|
12|349|448|1||16|19/БФ|Фасад|Р2|760|0.16|0.16|
13|349|598|3||16|19/БФ|Фасад|Р2|760|0.63|0.63|
14|172|448|2||16|19/БФ|Фасад|Р2|760|0.16|0.16|
#@#
0006|Докучаев          |09.01.2025|30.01.2025|0|      |  .  |09.01|  .  |  .  |  .  |--.--|  .  |  .  |  |0||725|||10.6|||7.12|16|0.00|33812|10082|П/белый|
I  -  16 ст-т|II -  16 не ст-т|||||4562|5112|||||4.7|2.42|0|0|0|0| 0| 0| 0| 0| 0| 0|0|200010000|||| 23730||
1|1947|402|6||16|19/БФ|Фасад|Р2|725|4.7|4.7|
2|2430|80|2||114|19/ФП|Бутыл.|Р2|725|0.39|||0.39|
3|477|402|6||114|19/ФП|Фасад|Р2|725|1.15|||1.15|
4|2592|170|2||114|19/ФП|Бутыл.|Р2|725|0.88|||0.88|
#@#
0007|Головинов         |09.01.2025|30.01.2025|0|    25|  .  |09.01|10.01|10.01|  .  |--.--|  .  |  .  |  |0||533||| 6.6|||4.4|10|0.00|19764|0.00|П/белый|
I  -  16 не ст-т|II -  16 ст-т|||||4513|3963|||||4.23|0.17|0|0|0|0| 0| 0| 0| 0| 0| 0|0|211010000|09.01||| 19764||
1|1996|446|4||91|11/ФП|Фасад|РИСУНОК|533|3.56|3.56|
2|376|446|4||91|11/ФП|Фасад||533|0.67|0.67|
3|1800|70|1||16|16/БФ|Фасад||533|0.13|||0.13|
4|600|70|1||16|16/БФ|Фасад||533|0.04|||0.04|
#@#
0008|Головинов         |09.01.2025|30.01.2025|0|    25|  .  |09.01|10.01|10.01|  .  |--.--|  .  |  .  |  |0||481||| 1.1|||0.74|2|0.00|3376|0.00|П/белый|
I  -  16 ст-т||||||4562||||||0.74|0|0|0|0|0| 0| 0| 0| 0| 0| 0|0|211010000|09.01||| 3376||
1|1206|596|1||16|15/БФ|Фасад||481|0.72|0.72|
2|596|33|1||16|16/БФ|Фасад||481|0.02|0.02|
#@#
0009|Манукян           |09.01.2025|23.01.2025|0|      |  .  |09.01|  .  |  .  |  .  |--.--|  .  |  .  |  |0||757|||25.8|||17.21|37|0.00|78512|0.00|П/белый|
I  -  16 ст-т||||||4562||||||17.21|0|0|0|0|0| 0| 0| 0| 0| 0| 0|0|200010000|||| 78512||
1|2290|585|2||16|16/БФ|Фасад|р2|757|2.68|2.68|
2|247|597|1||16|19/БФ|Фасад|р2|757|0.15|0.15|
3|535|391|1||16|19/БФ|Фасад|р2|757|0.21|0.21|
4|810|585|1||16|16/БФ|Фасад|р2|757|0.47|0.47|
5|327|597|1||16|19/БФ|Фасад|р2|757|0.2|0.2|
6|715|446|1||16|19/БФ|Фасад|р2|757|0.32|0.32|
7|715|100|2||16|19/БФ|Фасад|р2|757|0.14|0.14|
8|715|437|1||16|19/БФ|Фасад|р2|757|0.31|0.31|
9|715|347|1||16|19/БФ|Фасад|р2|757|0.25|0.25|
10|1700|95|1||16|16/БФ|Фасад|р2|757|0.16|0.16|
11|1200|95|1||16|16/БФ|Фасад|р2|757|0.12|0.12|
12|177|391|1||16|19/БФ|Фасад|р2|757|0.07|0.07|
13|2277|447|2||16|19/БФ|Фасад|р2|757|2.04|2.04|
14|900|115|1||16|16/БФ|Фасад|р2|757|0.1|0.1|
15|2400|600|1||16|16/БФ|Фасад|р2|757|1.44|1.44|
16|330|200|1||16|16/БФ|Фасад|р2|757|0.07|0.07|
17|2277|530|4||16|19/БФ|Фасад|р2|757|4.83|4.83|
18|2132|115|1||16|16/БФ|Фасад|р2|757|0.25|0.25|
19|900|400|1||16|19/БФ|Фасад|р2|757|0.36|0.36|
20|180|382|2||16|16/БФ|Фасад|р2|757|0.14|0.14|
21|897|176|1||16|19/БФ|Фасад|р2|757|0.16|0.16|
22|877|335|1||16|19/БФ|Фасад|р2|757|0.29|0.29|
23|877|391|1||16|19/БФ|Фасад|р2|757|0.34|0.34|
24|835|597|1||16|19/БФ|Фасад|р2|757|0.5|0.5|
25|877|347|3||16|19/БФ|Фасад|р2|757|0.91|0.91|
26|877|100|2||16|19/БФ|Фасад|р2|757|0.18|0.18|
27|877|597|1||16|19/БФ|Фасад|р2|757|0.52|0.52|
#@#
0010|Радионов          |09.01.2025|23.01.2025|0|      |  .  |09.01|10.01|10.01|  .  |--.--|  .  |  .  |  |0||728||| 3.5|||2.35|11|0.00|10721|0.00|П/белый|
I  -  16 ст-т||||||4562||||||2.35|0|0|0|0|0| 0| 0| 0| 0| 0| 0|0|211010000|||| 10721||
1|887|597|1||16|19/БФ|Фасад|р2|728|0.53|0.53|
2|355|597|2||16|19/БФ|Фасад|р2|728|0.42|0.42|
3|176|597|2||16|19/БФ|Фасад|р2|728|0.21|0.21|
4|745|397|1||16|19/БФ|Фасад|р2|728|0.3|0.3|
5|745|247|1||16|19/БФ|Фасад|р2|728|0.19|0.19|
6|745|445|1||16|19/БФ|Фасад|р2|728|0.33|0.33|
7|745|177|2||16|19/БФ|Фасад|р2|728|0.26|0.26|
8|780|140|1||16|19/БФ|Фасад|р2|728|0.11|0.11|
#@#
0011|Радионов          |09.01.2025|23.01.2025|0|      |  .  |09.01|10.01|10.01|  .  |--.--|  .  |  .  |  |0||464||| 8.0|||5.39|18|0.00|25241|0.00|П/белый|
I  -  16 ст-т||||||4683||||||5.39|0|0|0|0|0| 0| 0| 0| 0| 0| 0|0|211010000|||| 25241||
1|1114|351|1||16|16/БФ|Фасад|р2|464|0.39|0.39|
2|880|580|1||16|16/БФ|Фасад|р2|464|0.51|0.51|
3|750|361|1||16|19/БФ|Фасад|р2|464|0.27|0.27|
4|750|364|2||16|19/БФ|Фасад|р2|464|0.55|0.55|
5|750|637|1||16|19/БФ|Фасад|р2|464|0.48|0.48|
6|176|597|1||16|19/БФ|Фасад|р2|464|0.11|0.11|
7|178|597|2||16|19/БФ|Фасад|р2|464|0.21|0.21|
8|360|597|3||16|19/БФ|Фасад|р2|464|0.65|0.65|
9|1111|494|1||16|19/БФ|Фасад|р2|464|0.55|0.55|
10|1111|637|1||16|19/БФ|Фасад|р2|464|0.71|0.71|
11|1111|597|1||16|19/БФ|Фасад|р2|464|0.66|0.66|
12|369|80|1||16|19/БФ|Фасад|р2|464|0.03|0.03|
13|1640|80|1||16|19/БФ|Фасад|р2|464|0.13|0.13|
14|1800|80|1||16|19/БФ|Фасад|р2|464|0.14|0.14|
#@#
0012|Радионов          |09.01.2025|23.01.2025|0|      |  .  |09.01|  .  |  .  |  .  |--.--|  .  |  .  |  |0||655||| 3.5|||2.34|15|0.00|11483|0.00|П/белый|
I  -  16 ст-т|II -  19 не ст-т|||||4683|6433|||||2.04|0.3|0|0|0|0| 0| 0| 0| 0| 0| 0|0|200010000|||| 11483||
1|300|190|4||16|16/БФ|Фасад|р2|655|0.23|0.23|
2|350|370|2||16|16/БФ|Фасад|р2|655|0.26|0.26|
3|1139|190|2||16|19/БФ|Фасад|р2|655|0.43|0.43|
4|732|370|2||16|19/БФ|Фасад|р2|655|0.54|0.54|
5|268|1139|1||16|19/БФ|Фасад|р2|655|0.31|0.31|
6|318|732|1||16|19/БФ|Фасад|р2|655|0.23|0.23|
7|400|40|1||16|19/БФ|Фасад|р2|655|0.02|0.02|
8|350|40|1||16|19/БФ|Фасад|р2|655|0.02|0.02|
9|400|759|1||119|19/ФП|Фасад|19мм.р2|655|0.3|||0.3|
#@#
0013|Сердюченко        |09.01.2025|23.01.2025|0|      |  .  |09.01|10.01|10.01|  .  |--.--|  .  |  .  |  |0|0001 ДОД 4346|676||| 0.6|||0.4|2|0.00|1825|0.00|П/белый|
I  -  16 ст-т||||||4562||||||0.4|0|0|0|0|0| 0| 0| 0| 0| 0| 0|0|211010000|||| 1825||
1|720|275|2||16|15/БФ|Фасад||676|0.4|0.4|
#@#
0014|Сердюченко        |09.01.2025|23.01.2025|0|      |  .  |09.01|10.01|  .  |  .  |--.--|  .  |  .  |  |0|0002 Упак|486||| 9.1|||6.12|24|0.00|24528|0.00|П/белый|
I  -  16 не ст-т|II -  16 ст-т|||||4413|3963|||||0.61|5.51|0|0|0|0| 0| 0| 0| 0| 0| 0|0|210010000|||| 24528||
1|1100|555|1||16|15/БФ|СТЕКЛО||486|0.61|0.61|
2|800|443|1||16|15/БФ|Фасад||486|0.36|||0.36|
3|800|448|1||16|15/БФ|Фасад||486|0.36|||0.36|
4|800|513|1||16|15/БФ|Фасад||486|0.41|||0.41|
5|800|298|2||16|15/БФ|Фасад||486|0.48|||0.48|
6|755|298|2||16|15/БФ|Фасад||486|0.45|||0.45|
7|800|213|1||16|15/БФ|Фасад||486|0.17|||0.17|
8|782|398|2||16|15/БФ|Фасад||486|0.62|||0.62|
9|782|298|2||16|15/БФ|Фасад||486|0.47|||0.47|
10|782|448|1||16|15/БФ|Фасад||486|0.35|||0.35|
11|782|368|1||16|15/БФ|Фасад||486|0.29|||0.29|
12|782|263|1||16|15/БФ|Фасад||486|0.21|||0.21|
13|782|213|1||16|15/БФ|Фасад||486|0.17|||0.17|
14|782|140|2||16|15/БФ|Фасад||486|0.22|||0.22|
15|388|530|1||16|15/БФ|Фасад||486|0.21|||0.21|
16|194|530|2||16|15/БФ|Фасад||486|0.21|||0.21|
17|300|1096|1||16|15/БФ|Фасад||486|0.33|||0.33|
18|782|260|1||16|15/БФ|Фасад||486|0.2|||0.2|
#@#
0015|Асеев             |09.01.2025|23.01.2025|0|      |  .  |09.01|10.01|  .  |  .  |--.--|  .  |  .  |  |0||164|414|| 0.3| 4.4||3.2|15|0.00|12847|12847|П/белый|
I  -  16 ст-т|II -  16 ст-т|||||3963|4683|||||2.97|0.23|0|0|0|0| 0| 0| 0| 0| 0| 0|0|210010000|||| 0||
1|690|423|2||16|15/БФ|Фасад||414|0.58|0.58|
2|690|198|1||16|15/БФ|Фасад||414|0.14|0.14|
3|690|463|2||16|15/БФ|Фасад||414|0.64|0.64|
4|650|398|2||16|15/БФ|Фасад||414|0.52|0.52|
5|500|648|1||16|15/БФ|Фасад||414|0.32|0.32|
6|780|323|2||16|15/БФ|Фасад||414|0.5|0.5|
7|171|398|4||16|15/БФ|Фасад||414|0.27|0.27|
8|1196|192|1||16|16/БФ|Фасад||164|0.23|||0.23|
#@#
0016|Дворник           |09.01.2025|23.01.2025|0|      |  .  |09.01|10.01|  .  |  .  |--.--|  .  |  .  |  |0||480|||12.3|||8.25|32|0.00|37637|0.00|П/белый|
I  -  16 ст-т||||||4562||||||8.25|0|0|0|0|0| 0| 0| 0| 0| 0| 0|0|210010000|||| 37637||
1|717|147|2||16|15/БФ|Фасад||480|0.21|0.21|
2|717|447|1||16|15/БФ|Фасад||480|0.32|0.32|
3|717|480|1||16|15/БФ|Фасад||480|0.35|0.35|
4|717|441|3||16|15/БФ|Фасад||480|0.95|0.95|
5|717|592|1||16|15/БФ|Фасад||480|0.43|0.43|
6|357|597|2||16|15/БФ|Фасад||480|0.43|0.43|
7|177|597|2||16|15/БФ|Фасад||480|0.21|0.21|
8|1612|592|1||16|15/БФ|Фасад||480|0.96|0.96|
9|682|597|1||16|15/БФ|Фасад||480|0.41|0.41|
10|297|597|1||16|15/БФ|Фасад||480|0.18|0.18|
11|465|597|1||16|15/БФ|Фасад||480|0.28|0.28|
12|588|447|2||16|15/БФ|Фасад||480|0.53|0.53|
13|688|447|1||16|15/БФ|Фасад||480|0.31|0.31|
14|688|357|2||16|15/БФ|Фасад||480|0.49|0.49|
15|688|338|2||16|15/БФ|Фасад||480|0.47|0.47|
16|688|441|2||16|15/БФ|Фасад||480|0.61|0.61|
17|297|896|1||16|15/БФ|Фасад||480|0.27|0.27|
18|297|447|1||16|15/БФ|Фасад||480|0.13|0.13|
19|297|677|1||16|15/БФ|Фасад||480|0.2|0.2|
20|297|639|1||16|15/БФ|Фасад||480|0.19|0.19|
21|297|884|1||16|15/БФ|Фасад||480|0.26|0.26|
22|297|100|2||16|15/БФ|Фасад||480|0.06|0.06|
#@#
0017|Сердюченко        |09.01.2025|23.01.2025|0|      |  .  |09.01|10.01|  .  |  .  |--.--|  .  |  .  |  |0|0003 Упак|473|||19.9|||13.3|22|0.00|53413|0.00|П/белый|
I  -  16 ст-т||||||4016||||||13.3|0|0|0|0|0| 0| 0| 0| 0| 0| 0|0|210010000|||| 53413||
1|495|690|3||16|19/БФ|Фасад|R4|473|1.03|1.03|
2|2128|690|2||16|19/БФ|Фасад|R4|473|2.94|2.94|
3|1256|690|1||16|19/БФ|Фасад|R4|473|0.87|0.87|
4|180|690|2||16|19/БФ|Фасад|R4|473|0.25|0.25|
5|500|690|2||16|19/БФ|Фасад|R4|473|0.69|0.69|
6|2076|60|1||16|19/БФ|Фасад|R4|473|0.13|0.13|
7|2076|76|1||16|19/БФ|Фасад|R4|473|0.16|0.16|
8|2770|600|1||16|19/БФ|Фасад|R4|473|1.66|1.66|
9|1550|847|2||16|19/БФ|Фасад|R4|473|2.63|2.63|
10|529|847|2||16|19/БФ|Фасад|R4|473|0.9|0.9|
11|650|847|2||16|19/БФ|Фасад|R4|473|1.1|1.1|
12|650|677|1||16|19/БФ|Фасад|R4|473|0.44|0.44|
13|529|677|1||16|19/БФ|Фасад|R4|473|0.36|0.36|
14|2377|60|1||16|19/БФ|Фасад|R4|473|0.14|0.14|
#@#
0018|Сердюченко        |09.01.2025|23.01.2025|0|      |  .  |09.01|10.01|10.01|  .  |--.--|  .  |  .  |  |0|0004 ПЕРЕД 3858|630||| 0.4|||0.29|1|0.00|1762|0.00|П/белый|
I  -  19 не ст-т||||||6076||||||0.29|0|0|0|0|0| 0| 0| 0| 0| 0| 0|0|211010000|||| 1762||
1|488|596|1||100|19/ФП|Фасад|19мм.R4|630|0.29|0.29|
#@#
0019|Сердюченко        |09.01.2025|23.01.2025|0|      |  .  |09.01|10.01|  .  |  .  |--.--|  .  |  .  |  |0|0005 Упак|661|623|| 1.9| 2.9||3.29|8|0.00|14545|0.00|П/белый|
I  -  16 не ст-т|II -  16 ст-т|||||4513|3963|||||2.74|0.55|0|0|0|0| 0| 0| 0| 0| 0| 0|0|210010000|||| 14545||
1|1600|810|1||91|11/ФП|Фасад|РИСУНОК|661|1.3|1.3|
2|370|431|1||91|11/ФП|Фасад||623|0.16|0.16|
3|280|796|1||91|11/ФП|Фасад||623|0.22|0.22|
4|516|516|2||91|11/ФП|Фасад||623|0.53|0.53|
5|516|511|2||91|11/ФП|Фасад||623|0.53|0.53|
6|2040|268|1||16|19/БФ|Фасад|R4|623|0.55|||0.55|
#@#
0020|Сердюченко        |09.01.2025|23.01.2025|0|      |  .  |09.01|10.01|10.01|  .  |--.--|  .  |  .  |  |0|0006 ДОД 3858|630||| 0.4|||0.28|1|0.00|1701|0.00|П/белый|
I  -  19 не ст-т||||||6076||||||0.28|0|0|0|0|0| 0| 0| 0| 0| 0| 0|0|211010000|||| 1701||
1|474|596|1||100|19/ФП|Фасад|19мм.R4|630|0.28|0.28|
#@#
0021|Сердюченко        |09.01.2025|23.01.2025|0|      |  .  |09.01|10.01|  .  |  .  |--.--|  .  |  .  |  |0|0008 Упак|429||| 8.9|||5.96|20|0.00|26301|0.00|П/белый|
I  -  16 не ст-т||||||4413||||||5.96|0|0|0|0|0| 0| 0| 0| 0| 0| 0|0|210010000|||| 26301||
1|447|347|6||20|12/21|Фасад||429|0.93|0.93|
2|567|397|3||20|12/21|Фасад||429|0.68|0.68|
3|1297|347|2||20|12/21|СТЕКЛО||429|0.9|0.9|
4|1847|347|4||20|12/21|Фасад||429|2.56|2.56|
5|175|630|2||20|12/21|ПСЯ||429|0.22|0.22|
6|353|630|3||20|12/21|Фасад||429|0.67|0.67|
#@#
0022|Сердюченко        |09.01.2025|23.01.2025|0|      |  .  |09.01|10.01|10.01|  .  |--.--|  .  |  .  |  |0|0010 |502||| 0.3|||0.21|1|0.00|948|0.00|П/белый|
I  -  16 не ст-т||||||4513||||||0.21|0|0|0|0|0| 0| 0| 0| 0| 0| 0|0|211010000|||| 948||
1|357|596|1||51|11/ФП|Фасад||502|0.21|0.21|
#@#
0023|Риком             |09.01.2025|23.01.2025|0|    25|  .  |09.01|  .  |  .  |  .  |--.--|  .  |  .  |  |0||385|||17.1|||11.42|32|0.00|62042|0.00|П/белый|
I  -  19 не ст-т|II -  16 ст-т|III-  22КАРНисп3||||6076|4326|8989||||6.21|4.83|0.38|0|0|0| 0| 0| 0| 0| 0| 0|0|200010000|09.01||| 62042||
1|2257|497|1||97|11/ФП|Фасад|19мм.|385|1.12|1.12|
2|2257|447|3||97|11/ФП|Фасад|19мм.|385|3.03|3.03|
3|597|497|1||97|11/ФП|Фасад|19мм.|385|0.3|0.3|
4|597|447|3||97|11/ФП|Фасад|19мм.|385|0.8|0.8|
5|367|397|2||97|11/ФП|Фасад|19мм.|385|0.29|0.29|
6|272|797|2||97|11/ФП|Фасад|19мм.|385|0.43|0.43|
7|147|397|2||97|11/ФП|ПСЯ|19мм.|385|0.12|0.12|
8|147|797|1||97|11/ФП|ПСЯ|19мм.|385|0.12|0.12|
9|2350|420|1||16|11/БФ|Фасад||385|0.99|||0.99|
10|2350|570|1||16|11/БФ|Фасад||385|1.34|||1.34|
11|2260|100|1||16|11/БФ|Фасад||385|0.23|||0.23|
12|1600|150|4||16|11/БФ|Фасад||385|0.96|||0.96|
13|1450|90|1||16|11/БФ|Фасад||385|0.13|||0.13|
14|802|422|1||16|11/БФ|Фасад||385|0.34|||0.34|
15|800|90|2||16|11/БФ|Фасад||385|0.14|||0.14|
16|600|420|1||16|11/БФ|Фасад||385|0.25|||0.25|
17|600|100|1||16|11/БФ|Фасад||385|0.06|||0.06|
18|600|570|1||16|11/БФ|Фасад||385|0.34|||0.34|
19|500|90|1||16|11/БФ|Фасад||385|0.05|||0.05|
20|2400|80|2||КАРНИЗ3|.|.|22мм.|385|0.38||||0.38|
#@#
0024|Риком             |09.01.2025|23.01.2025|0|    25|  .  |09.01|  .  |  .  |  .  |--.--|  .  |  .  |  |0|безе Р-131|469|||16.9|||11.34|29|0.00|45541|0.00|П/белый|
I  -  16 ст-т||||||4016||||||11.34|0|0|0|0|0| 0| 0| 0| 0| 0| 0|0|200010000|09.01||| 45541||
1|2298|339|4||16|19/БФ|Фасад|Р2|469|3.12|3.12|
2|2256|347|4||16|19/БФ|Фасад|Р2|469|3.13|3.13|
3|1746|296|2||16|19/БФ|Фасад|Р2|469|1.03|1.03|
4|880|313|2||16|19/БФ|Фасад|Р2|469|0.55|0.55|
5|880|296|2||16|19/БФ|Фасад|Р2|469|0.52|0.52|
6|800|297|4||16|19/БФ|Фасад|Р2|469|0.95|0.95|
7|457|697|2||16|19/БФ|Фасад|Р2|469|0.64|0.64|
8|457|680|2||16|19/БФ|Фасад|Р2|469|0.62|0.62|
9|457|557|1||16|19/БФ|Фасад|Р2|469|0.26|0.26|
10|397|557|1||16|19/БФ|Фасад|Р2|469|0.22|0.22|
11|117|480|4||16|19/БФ|Фасад|Р2|469|0.23|0.23|
12|117|557|1||16|19/БФ|Фасад|Р2|469|0.07|0.07|
#@#
0025|Сердюченко        |09.01.2025|23.01.2025|0|      |  .  |09.01|  .  |  .  |  .  |--.--|  .  |  .  |  |0|0007 Упак|495||| 5.3|||3.57|9|0.00|16647|0.00|П/белый|
I  -  19 ст-т||||||4663||||||3.57|0|0|0|0|0| 0| 0| 0| 0| 0| 0|0|200010000|||| 16647||
1|518|352|3||16|15/БФ|Фасад|19мм.|495|0.55|0.55|
2|1940|352|3||16|15/БФ|Фасад|19мм.|495|2.05|2.05|
3|518|351|1||16|15/БФ|Фасад|19мм.|495|0.18|0.18|
4|1940|351|1||16|15/БФ|Фасад|19мм.|495|0.68|0.68|
5|1415|78|1||16|15/БФ|Фасад|19мм.|495|0.11|0.11|
#@#
0026|Абдулаев          |09.01.2025|16.01.2025|0|      |  .  |09.01|10.01|  .  |  .  |--.--|  .  |  .  |  |0||669|472|| 0.8| 1.5||1.62|4|0.00|7395|0.00|П/белый|
I  -  16 не ст-т|II -  16 ст-т|||||4566|4562|||||1.04|0.58|0|0|0|0| 0| 0| 0| 0| 0| 0|0|210010000|||1000.00| 8395||
1|1150|453|2||114|15/ФП|Фасад||472|1.04|1.04|
2|600|481|2||16|15/БФ|Фасад||669|0.58|||0.58|
#@#
0027|Абдулаев          |09.01.2025|16.01.2025|0|      |  .  |09.01|10.01|  .  |  .  |--.--|  .  |  .  |  |0||464|666|| 7.1| 3.2||6.93|23|0.00|34047|0.00|П/белый|
I  -  16 не ст-т|II -  16 не ст-т|III-  16 ст-т||||5112|5233|4683||||2.15|1.22|3.56|0|0|0| 0| 0| 0| 0| 0| 0|0|210010000||| 3405| 37452||
1|400|446|2||91|15/ФП|Фасад||666|0.36|0.36|
2|900|446|4||91|15/ФП|Фасад||666|1.61|1.61|
3|200|895|1||91|15/ФП|ПСЯ||666|0.18|0.18|
4|900|446|2||115|15/ФП|Фасад||464|0.8|||0.8|
5|700|596|1||115|15/ФП|Фасад||464|0.42|||0.42|
6|700|446|2||16|15/БФ|Фасад||464|0.63||||0.63|
7|700|146|1||16|15/БФ|Фасад||464|0.1||||0.1|
8|370|796|1||16|15/БФ|Фасад||464|0.3||||0.3|
9|370|896|1||16|15/БФ|Фасад||464|0.33||||0.33|
10|370|596|1||16|15/БФ|Фасад||464|0.22||||0.22|
11|1550|90|2||16|15/БФ|Фасад||464|0.28||||0.28|
12|1000|90|1||16|15/БФ|Фасад||464|0.09||||0.09|
13|700|336|3||16|15/БФ|Фасад||464|0.71||||0.71|
14|880|1020|1||16|15/БФ|Фасад||464|0.9||||0.9|
#@#
0028|Абдулаев          |09.01.2025|23.01.2025|0|      |  .  |09.01|  .  |  .  |  .  |--.--|  .  |  .  |  |0||387||| 1.4|||1|6|0.00|5233|0.00|П/белый|
I  -  16 не ст-т||||||5233||||||1|0|0|0|0|0| 0| 0| 0| 0| 0| 0|0|200010000|||| 5233||
1|150|646|1||115|15/ФП|ПСЯ||387|0.1|0.1|
2|214|646|3||115|15/ФП|ПСЯ||387|0.42|0.42|
3|370|646|2||115|15/ФП|Фасад||387|0.48|0.48|
#@#
0029|Сердюченко        |09.01.2025|16.01.2025|0|      |  .  |09.01|10.01|  .  |  .  |--.--|  .  |  .  |  |0|0009 Упак|719||| 9.7|||6.47|10|0.00|29516|0.00|П/белый|
I  -  16 ст-т||||||4562||||||6.47|0|0|0|0|0| 0| 0| 0| 0| 0| 0|0|210010000||| 2952| 32468||
1|2141|612|2||16|19/БФ|Фасад|R4|719|2.62|2.62|
2|2141|597|2||16|19/БФ|Фасад|R4|719|2.56|2.56|
3|403|612|2||16|19/БФ|Фасад|R4|719|0.49|0.49|
4|403|597|2||16|19/БФ|Фасад|R4|719|0.48|0.48|
5|1614|100|2||16|19/БФ|Фасад|R4|719|0.32|0.32|
#@#
0030|Сердюченко        |09.01.2025|23.01.2025|0|      |  .  |09.01|10.01|  .  |  .  |--.--|  .  |  .  |  |1|0011 Упак|747|||10.7|||7.19|34|0.00|34173|0.00|П/белый|
I  -  16 не ст-т|II -  16 ст-т|III-  22КАРНисп3||||4513|3963|8989||||5.94|0.77|0.48|0|0|0| 0| 0| 0| 0| 0| 0|0|210010000|||| 34173||
1|756|247|1||91|11/ФП|Фасад|без расшир|747|0.19|0.19|
2|756|50|1||91|11/ФП|Планка|без расшир|747|0.04|0.04|
3|756|422|2||91|11/ФП|Фасад|без расшир|747|0.64|0.64|
4|756|596|1||91|11/ФП|Фасад|без расшир|747|0.45|0.45|
5|186|457|4||91|11/ФП|ПСЯ|без расшир|747|0.34|0.34|
6|376|897|4||91|11/ФП|Фасад|без расшир|747|1.35|1.35|
7|376|597|1||91|11/ФП|Фасад|без расшир|747|0.23|0.23|
8|186|597|1||91|11/ФП|ПСЯ|без расшир|747|0.11|0.11|
9|1397|247|1||91|11/ФП|Фасад|без расшир|747|0.35|0.35|
10|2157|50|1||91|11/ФП|Планка|без расшир|747|0.11|0.11|
11|593|597|1||91|11/ФП|Фасад|без расшир|747|0.36|0.36|
12|807|397|2||91|11/ФП|СТЕКЛО|без расшир|747|0.64|0.64|
13|2200|45|1||16|19/БФ|Фасад||747|0.1|||0.1|
14|977|110|1||16|11/БФ|Фасад||747|0.11|||0.11|
15|827|397|2||91|11/ФП|Фасад|без расшир|747|0.66|0.66|
16|147|797|1||91|11/ФП|ПСЯ|без расшир|747|0.12|0.12|
17|147|597|1||91|11/ФП|ПСЯ|без расшир|747|0.09|0.09|
18|437|597|1||91|11/ФП|Фасад|без расшир|747|0.26|0.26|
19|1960|97|1||16|19/БФ|Фасад||747|0.19|||0.19|
20|600|97|1||16|19/БФ|Фасад||747|0.06|||0.06|
21|500|97|1||16|19/БФ|Фасад||747|0.05|||0.05|
22|2700|97|1||16|19/БФ|Фасад||747|0.26|||0.26|
23|1900|80|1||КАРНИЗ3|.|.|22мм.|747|0.15||||0.15|
24|2050|80|2||КАРНИЗ3|.|.|22мм.|747|0.33||||0.33|
#@#
0031|Сердюченко        |09.01.2025|23.01.2025|0|      |  .  |09.01|  .  |  .  |  .  |--.--|  .  |  .  |  |0|0012 |469||| 0.6|||0.46|4|0.00|2071|0.00|П/белый|
I  -  16 ст-т|II -  19 ст-т|||||4016|4716|||||0.14|0.32|0|0|0|0| 0| 0| 0| 0| 0| 0|0|200010000|||| 2071||
1|178|397|2||16|19/БФ|Фасад|R4|469|0.14|0.14|
2|400|400|2||1Д2К R4|19/БФ||19мм.|469|0.32|||0.32|
#@#
0032|Сердюченко        |09.01.2025|23.01.2025|0|      |  .  |09.01|  .  |  .  |  .  |--.--|  .  |  .  |  |0|0013 Упак|758|744||11.6| 1.8||8.99|26|0.00|42550|0.00|П/белый|
I  -  16 ст-т|II -  19 не ст-т|||||4562|5812|||||7.76|1.23|0|0|0|0| 0| 0| 0| 0| 0| 0|0|200010000|||| 42550||
1|2610|668|1||16|17/БФ|Фасад||758|1.74|1.74|
2|1023|597|2||16|17/БФ|Фасад||758|1.22|1.22|
3|1018|597|1||16|17/БФ|Фасад||758|0.61|0.61|
4|870|568|1||16|17/БФ|Фасад||758|0.5|0.5|
5|717|597|1||16|17/БФ|Фасад||758|0.43|0.43|
6|1023|347|1||16|17/БФ|Фасад||758|0.36|0.36|
7|591|597|1||16|17/БФ|Фасад||758|0.35|0.35|
8|717|439|2||16|17/БФ|Фасад||758|0.63|0.63|
9|717|397|1||16|17/БФ|Фасад||758|0.29|0.29|
10|357|597|3||16|17/БФ|Фасад||758|0.64|0.64|
11|2150|90|1||16|17/БФ|Фасад||758|0.19|0.19|
12|493|330|2||16|17/БФ|Фасад||758|0.33|0.33|
13|357|347|1||16|17/БФ|Фасад||758|0.12|0.12|
14|1266|90|1||16|17/БФ|Фасад||758|0.11|0.11|
15|717|100|1||16|17/БФ|Фасад||758|0.07|0.07|
16|177|347|2||16|17/БФ|Фасад||758|0.12|0.12|
17|330|90|1||16|17/БФ|Фасад||758|0.03|0.03|
18|717|32|1||16|17/БФ|Фасад||758|0.02|0.02|
19|1147|536|2||114|17/ФП|Фасад|19мм.|744|1.23|||1.23|
#@#
0033|Сердюченко        |09.01.2025|23.01.2025|0|      |  .  |09.01|10.01|  .  |  .  |--.--|  .  |  .  |  |0|0014 Упак|387|747|| 6.2| 8.3||9.79|33|0.00|41815|0.00|П/белый|
I  -  16 ст-т|II -  16 ст-т|||||4683|3963|||||4.19|5.6|0|0|0|0| 0| 0| 0| 0| 0| 0|0|210010000|||| 41815||
1|1113|627|1||16|15/БФ|Фасад||387|0.7|0.7|
2|1113|597|1||16|15/БФ|Фасад||387|0.67|0.67|
3|1070|597|1||16|15/БФ|Фасад||387|0.64|0.64|
4|1113|487|1||16|15/БФ|Фасад||387|0.54|0.54|
5|1113|387|1||16|15/БФ|Фасад||387|0.43|0.43|
6|1150|341|1||16|15/БФ|Фасад||387|0.39|0.39|
7|1113|297|1||16|15/БФ|Фасад||387|0.33|0.33|
8|1113|197|1||16|15/БФ|Фасад||387|0.22|0.22|
9|1113|75|1||16|15/БФ|Фасад||387|0.08|0.08|
10|1113|59|1||16|15/БФ|Фасад||387|0.07|0.07|
11|1800|35|1||16|15/БФ|Фасад||387|0.06|0.06|
12|1551|35|1||16|15/БФ|Фасад||387|0.06|0.06|
13|2444|560|1||16|19/БФ|Фасад|R4|747|1.37|||1.37|
14|1105|597|1||16|15/БФ|Фасад||747|0.66|||0.66|
15|870|578|1||16|15/БФ|Фасад||747|0.5|||0.5|
16|717|613|1||16|15/БФ|Фасад||747|0.44|||0.44|
17|813|422|2||16|15/БФ|Фасад||747|0.69|||0.69|
18|717|447|1||16|15/БФ|Фасад||747|0.32|||0.32|
19|717|425|1||16|15/БФ|Фасад||747|0.31|||0.31|
20|357|597|3||16|15/БФ|Фасад||747|0.64|||0.64|
21|357|477|1||16|15/БФ|Фасад||747|0.17|||0.17|
22|717|197|1||16|15/БФ|Фасад||747|0.14|||0.14|
23|177|477|2||16|15/БФ|Фасад||747|0.17|||0.17|
24|717|100|1||16|15/БФ|Фасад||747|0.07|||0.07|
25|35|900|1||16|15/БФ|Фасад||747|0.03|||0.03|
26|35|600|1||16|15/БФ|Фасад||747|0.02|||0.02|
27|813|47|1||16|15/БФ|Фасад||747|0.04|||0.04|
28|717|32|1||16|15/БФ|Фасад||747|0.02|||0.02|
29|35|240|1||16|15/БФ|Фасад||747|0.01|||0.01|
#@#
0034|Сердюченко        |09.01.2025|23.01.2025|0|      |  .  |09.01|  .  |  .  |  .  |--.--|  .  |  .  |  |0|0015 Упак|662|387|| 1.9| 5.7||5.16|20|0.00|26833|0.00|П/белый|
I  -  19 ст-т|II -  19 ст-т|||||4663|5383|||||1.31|3.85|0|0|0|0| 0| 0| 0| 0| 0| 0|0|200010000|||| 26833||
1|733|597|1||16|19/БФ|Фасад|19мм.R4|662|0.44|0.44|
2|733|542|1||16|19/БФ|Фасад|19мм.R4|662|0.4|0.4|
3|362|597|1||16|19/БФ|Фасад|19мм.R4|662|0.22|0.22|
4|733|197|1||16|19/БФ|Фасад|19мм.R4|662|0.15|0.15|
5|733|75|1||16|19/БФ|Фасад|19мм.R4|662|0.06|0.06|
6|733|56|1||16|19/БФ|Фасад|19мм.R4|662|0.04|0.04|
7|2620|578|1||16|19/БФ|Фасад|19мм.R4|387|1.52|||1.52|
8|870|581|1||16|19/БФ|Фасад|19мм.R4|387|0.51|||0.51|
9|735|341|1||16|19/БФ|Фасад|19мм.R4|387|0.25|||0.25|
10|387|597|2||16|19/БФ|Фасад|19мм.R4|387|0.46|||0.46|
11|390|579|1||16|19/БФ|Фасад|19мм.R4|387|0.23|||0.23|
12|387|577|1||16|19/БФ|Фасад|19мм.R4|387|0.22|||0.22|
13|593|317|2||16|19/БФ|Фасад|19мм.R4|387|0.38|||0.38|
14|387|322|1||16|19/БФ|Фасад|19мм.R4|387|0.13|||0.13|
15|387|58|1||16|19/БФ|Фасад|19мм.R4|387|0.02|||0.02|
16|387|39|1||16|19/БФ|Фасад|19мм.R4|387|0.02|||0.02|
17|717|106|1||16|19/БФ|Фасад|19мм.R4|387|0.08|||0.08|
18|717|35|1||16|19/БФ|Фасад|19мм.R4|387|0.03|||0.03|
#@#
0035|Сердюченко        |09.01.2025|23.01.2025|0|      |  .  |09.01|  .  |  .  |  .  |--.--|  .  |  .  |  |1|0016 Упак К+С|611|688||19.1| 1.9||14.12|53|0.00|72059|0.00|П/белый|
I  -  19 ст-т|II -  19 не ст-т|III-  19 ст-т||||4663|5713|5262||||7.64|5.18|1.3|0|0|0| 0| 0| 0| 0| 0| 0|0|200010000|||| 72059||
1|1850|581|1||16|17/БФ|Фасад|19мм.|611|1.08|1.08|
2|923|597|1||16|17/БФ|Фасад|19мм.|611|0.55|0.55|
3|820|581|1||16|17/БФ|Фасад|19мм.|611|0.48|0.48|
4|717|637|1||16|17/БФ|Фасад|19мм.|611|0.46|0.46|
5|717|597|1||16|17/БФ|Фасад|19мм.|611|0.43|0.43|
6|717|497|2||16|17/БФ|Фасад|19мм.|611|0.71|0.71|
7|717|477|1||16|17/БФ|Фасад|19мм.|611|0.34|0.34|
8|717|417|1||16|17/БФ|Фасад|19мм.|611|0.3|0.3|
9|327|847|1||16|17/БФ|Фасад|19мм.|611|0.28|0.28|
10|717|347|2||16|17/БФ|Фасад|19мм.|611|0.5|0.5|
11|518|422|2||16|17/БФ|Фасад|19мм.|611|0.44|0.44|
12|357|597|3||16|17/БФ|Фасад|19мм.|611|0.64|0.64|
13|327|597|1||16|17/БФ|Фасад|19мм.|611|0.2|0.2|
14|357|377|1||16|17/БФ|Фасад|19мм.|611|0.14|0.14|
15|717|100|2||16|17/БФ|Фасад|19мм.|611|0.14|0.14|
16|177|377|2||16|17/БФ|Фасад|19мм.|611|0.13|0.13|
17|717|29|2||16|17/БФ|Фасад|19мм.|611|0.04|0.04|
18|327|847|1||16|17/БФ|Фасад|19мм.|611|0.28|0.28|
19|327|477|1||16|17/БФ|Фасад|19мм.|611|0.16|0.16|
20|327|349|1||16|17/БФ|Фасад|19мм.|611|0.12|0.12|
21|327|73|1||16|17/БФ|Фасад|19мм.|611|0.02|0.02|
22|327|54|1||16|17/БФ|Фасад|19мм.|611|0.02|0.02|
23|327|47|1||16|17/БФ|Фасад|19мм.|611|0.02|0.02|
24|933|597|1||119|17/ФП|Фасад|19мм.|611|0.56|||0.56|
25|933|520|4||119|17/ФП|Фасад|19мм.|611|1.94|||1.94|
26|933|477|1||119|17/ФП|Фасад|19мм.|611|0.45|||0.45|
27|933|422|2||119|17/ФП|Фасад|19мм.|611|0.79|||0.79|
28|933|349|1||119|17/ФП|Фасад|19мм.|611|0.33|||0.33|
29|933|73|1||16|17/БФ|Фасад|19мм.|611|0.07|0.07|
30|933|54|1||16|17/БФ|Фасад|19мм.|611|0.05|0.05|
31|933|47|1||16|17/БФ|Фасад|19мм.|611|0.04|0.04|
32|2278|447|1||16|17/БФ|Фасад|19мм.|688|1.02||||1.02|
33|327|447|1||16|17/БФ|Фасад|19мм.|688|0.15||||0.15|
34|2278|47|1||16|17/БФ|Фасад|19мм.|688|0.11||||0.11|
35|327|47|1||16|17/БФ|Фасад|19мм.|688|0.02||||0.02|
36|371|497|6||119|17/ФП|Фасад|19мм.|611|1.11|||1.11|
#@#
0036|Сердюченко        |09.01.2025|23.01.2025|0|      |  .  |09.01|  .  |  .  |  .  |--.--|  .  |  .  |  |0|0021 Упак К+С|666|731|| 4.8| 6.7||7.76|20|0.00|41089|0.00|П/белый|
I  -  19 не ст-т|II -  16 ст-т|||||6312|4562|||||3.25|4.51|0|0|0|0| 0| 0| 0| 0| 0| 0|0|200010000|||| 41089||
1|1115|396|3||119|19/ФП|Фасад|19мм.R4|666|1.33|1.33|
2|1115|431|4||119|19/ФП|Фасад|19мм.R4|666|1.92|1.92|
3|746|573|1||16|19/БФ|Фасад|R4|731|0.43|||0.43|
4|780|480|1||16|19/БФ|Фасад|R4|731|0.38|||0.38|
5|356|520|4||16|19/БФ|Фасад|R4|731|0.74|||0.74|
6|628|596|1||16|19/БФ|Фасад|R4|731|0.38|||0.38|
7|1090|596|1||16|19/БФ|Фасад|R4|731|0.65|||0.65|
8|776|596|2||16|19/БФ|Фасад|R4|731|0.93|||0.93|
9|384|596|1||16|19/БФ|Фасад|R4|731|0.23|||0.23|
10|734|596|1||16|19/БФ|Фасад|R4|731|0.44|||0.44|
11|746|446|1||16|19/БФ|Фасад|R4|731|0.33|||0.33|
#@#
0037|Сердюченко        |09.01.2025|23.01.2025|0|      |  .  |09.01|10.01|  .  |  .  |--.--|  .  |  .  |  |0|0020 Упак|760|||10.1|||6.78|19|0.00|30930|0.00|П/белый|
I  -  16 ст-т||||||4562||||||6.78|0|0|0|0|0| 0| 0| 0| 0| 0| 0|0|210010000|||| 30930||
1|732|577|1||16|15/БФ|Фасад||760|0.42|0.42|
2|1063|59|1||16|15/БФ|Фасад||760|0.06|0.06|
3|2408|27|1||.|.|.||760|0.07|0.07|
4|2394|554|1||16|15/БФ|Фасад||760|1.33|1.33|
5|1688|597|1||16|15/БФ|Фасад||760|1.01|1.01|
6|1063|597|2||16|15/БФ|Фасад||760|1.27|1.27|
7|1063|547|1||16|15/БФ|Фасад||760|0.58|0.58|
8|717|597|1||16|15/БФ|Фасад||760|0.43|0.43|
9|717|447|1||16|15/БФ|Фасад||760|0.32|0.32|
10|717|377|1||16|15/БФ|Фасад||760|0.27|0.27|
11|357|597|3||16|15/БФ|Фасад||760|0.64|0.64|
12|177|597|2||16|15/БФ|Фасад||760|0.21|0.21|
13|1063|75|1||16|15/БФ|Фасад||760|0.08|0.08|
14|717|100|1||16|15/БФ|Фасад||760|0.07|0.07|
15|717|32|1||16|15/БФ|Фасад||760|0.02|0.02|
#@#
0038|Сердюченко        |09.01.2025|23.01.2025|0|      |  .  |09.01|  .  |  .  |  .  |--.--|  .  |  .  |  |0|0022 УПАКОВАТЬ|455|||12.2|||8.13|12|0.00|37089|0.00|П/белый|
I  -  16 ст-т||||||4562||||||8.13|0|0|0|0|0| 0| 0| 0| 0| 0| 0|0|200010000|||| 37089||
1|2597|100|2||16|19/БФ|Фасад|R4.СофтГрейMCH78987|455|0.52|0.52|
2|514|516|5||16|19/БФ|Фасад|R4.СофтГрейMCH78987|455|1.33|1.33|
3|2434|516|5||16|19/БФ|Фасад|R4.СофтГрейMCH78987|455|6.28|6.28|
#@#
0039|Сердюченко        |10.01.2025|24.01.2025|0|      |  .  |10.01|  .  |  .  |  .  |--.--|  .  |  .  |  |0|0023 ДОД 4130|509||| 1.0|||0.69|1|0.00|4192|0.00|П/белый|
I  -  19 не ст-т||||||6076||||||0.69|0|0|0|0|0| 0| 0| 0| 0| 0| 0|0|200010000|||| 4192||
1|1436|480|1||103|19/ФП|Фасад|19мм.R4.РИС.МатОлива|509|0.69|0.69|
#@#
0040|Ткаченко          |10.01.2025|24.01.2025|0|      |  .  |10.01|  .  |  .  |  .  |--.--|  .  |  .  |  |0|баунти МРТ-78535|160||| 3.6|||2.43|10|0.00|11380|0.00|П/белый|
I  -  16 ст-т||||||4683||||||2.43|0|0|0|0|0| 0| 0| 0| 0| 0| 0|0|200010000|||| 11380||
1|347|891|1||16|15/БФ|Фасад||160|0.31|0.31|
2|347|477|1||16|15/БФ|Фасад||160|0.17|0.17|
3|347|747|1||16|15/БФ|Фасад||160|0.26|0.26|
4|694|372|2||16|15/БФ|Фасад||160|0.52|0.52|
5|694|477|1||16|15/БФ|Фасад||160|0.33|0.33|
6|694|444|2||16|15/БФ|Фасад||160|0.62|0.62|
7|2124|80|1||16|15/БФ|Фасад||160|0.17|0.17|
8|600|80|1||16|15/БФ|Фасад||160|0.05|0.05|
#@#
0041|Бережной Антон    |10.01.2025|24.01.2025|0|    25|  .  |10.01|  .  |  .  |  .  |--.--|  .  |  .  |  |0||474|495|496| 0.2| 2.8| 2.2|3.6|15|0.00|14375|0.00|П/белый|
I  -  16 ст-т|II -  16 ст-т|||||3963|4562|||||3.42|0.18|0|0|0|0| 0| 0| 0| 0| 0| 0|0|200010000|10.01||| 14375||
1|800|500|1||16|15/БФ|Фасад||495|0.4|0.4|
2|800|300|4||16|15/БФ|Фасад||495|0.96|0.96|
3|1305|400|1||16|15/БФ|Фасад||495|0.52|0.52|
4|730|500|1||16|15/БФ|Фасад||496|0.37|0.37|
5|730|300|2||16|15/БФ|Фасад||496|0.44|0.44|
6|575|300|2||16|15/БФ|Фасад||496|0.35|0.35|
7|145|300|2||16|15/БФ|Фасад||496|0.09|0.09|
8|730|400|1||16|15/БФ|Фасад||496|0.29|0.29|
9|1780|100|1||16|15/БФ|Фасад|фактурный светло серый софт|474|0.18|||0.18|
#@#
0042|Сердюченко        |10.01.2025|24.01.2025|0|      |  .  |10.01|  .  |  .  |  .  |--.--|  .  |  .  |  |0|0019 Упак|694|||13.7|||9.16|35|0.00|49084|0.00|П/белый|
I  -  19 ст-т|II -  16 ст-т|||||5383|4683|||||8.84|0.32|0|0|0|0| 0| 0| 0| 0| 0| 0|0|200010000|||| 49084||
1|2594|590|1||16|19/БФ|Фасад|19мм.R4|694|1.53|1.53|
2|1710|572|1||16|19/БФ|Фасад|19мм.R4|694|0.98|0.98|
3|2102|320|1||16|19/БФ|Фасад|19мм.R4|694|0.67|0.67|
4|758|597|1||16|19/БФ|Фасад|19мм.R4|694|0.45|0.45|
5|733|597|3||16|19/БФ|Фасад|19мм.R4|694|1.31|1.31|
6|733|576|1||16|19/БФ|Фасад|19мм.R4|694|0.42|0.42|
7|567|617|1||16|19/БФ|Фасад|19мм.R4|694|0.35|0.35|
8|387|797|1||16|19/БФ|Фасад|19мм.R4|694|0.31|0.31|
9|733|397|2||16|19/БФ|Фасад|19мм.R4|694|0.58|0.58|
10|387|597|4||16|19/БФ|Фасад|19мм.R4|694|0.93|0.93|
11|387|576|1||16|19/БФ|Фасад|19мм.R4|694|0.22|0.22|
12|733|267|1||16|19/БФ|Фасад|19мм.R4|694|0.2|0.2|
13|733|237|1||16|19/БФ|Фасад|19мм.R4|694|0.17|0.17|
14|387|320|1||16|19/БФ|Фасад|19мм.R4|694|0.12|0.12|
15|387|267|1||16|19/БФ|Фасад|19мм.R4|694|0.1|0.1|
16|387|237|1||16|19/БФ|Фасад|19мм.R4|694|0.09|0.09|
17|739|100|2||16|19/БФ|Фасад|19мм.R4|694|0.15|0.15|
18|733|55|2||16|19/БФ|Фасад|19мм.R4|694|0.08|0.08|
19|739|39|2||16|19/БФ|Фасад|19мм.R4|694|0.06|0.06|
20|733|36|2||16|19/БФ|Фасад|19мм.R4|694|0.05|0.05|
21|387|55|2||16|19/БФ|Фасад|19мм.R4|694|0.04|0.04|
22|387|36|2||16|19/БФ|Фасад|19мм.R4|694|0.03|0.03|
23|570|565|1||16|19/БФ|Фасад|R4|694|0.32|||0.32|
#@#
0043|Мирошников        |10.01.2025|24.01.2025|0|      |  .  |10.01|  .  |  .  |  .  |--.--|  .  |  .  |  |0||621|673|| 3.3| 7.4||7.17|27|0.00|31380|0.00|П/белый|
I  -  16 ст-т|II -  16 ст-т|||||4562|3963|||||4.95|2.22|0|0|0|0| 0| 0| 0| 0| 0| 0|0|200010000|||| 31380||
1|2385|580|1||16|19/БФ|Фасад|р2|673|1.38|1.38|
2|2385|30|3||16|19/БФ|Фасад|р2|673|0.22|0.22|
3|292|597|1||16|19/БФ|Фасад|р2|673|0.18|0.18|
4|1170|597|1||16|19/БФ|Фасад|р2|673|0.7|0.7|
5|797|597|1||16|19/БФ|Фасад|р2|673|0.48|0.48|
6|1250|117|1||16|19/БФ|Фасад|р2|673|0.15|0.15|
7|732|437|1||16|19/БФ|Фасад|р2|673|0.32|0.32|
8|735|40|2||16|19/БФ|Фасад|р2|673|0.06|0.06|
9|732|297|1||16|19/БФ|Фасад|р2|673|0.22|0.22|
10|118|597|1||16|19/БФ|Фасад|р2|673|0.07|0.07|
11|732|597|1||16|19/БФ|Фасад|р2|673|0.44|0.44|
12|457|267|1||16|19/БФ|Фасад|р2|673|0.12|0.12|
13|270|20|1||.|.|.|р2|673|0.01|0.01|
14|510|267|3||16|19/БФ|Фасад|р2|673|0.41|0.41|
15|1600|117|1||16|19/БФ|Фасад|р2|673|0.19|0.19|
16|647|472|3||16|19/БФ|Фасад|р2|621|0.92|||0.92|
17|647|347|2||16|19/БФ|Фасад|р2|621|0.45|||0.45|
18|650|20|1||.|.|.|р2|621|0.01|||0.01|
19|1490|560|1||16|19/БФ|Фасад|р2|621|0.84|||0.84|
#@#
0044|Ника              |10.01.2025|17.01.2025|0|      |  .  |10.01|  .  |  .  |  .  |--.--|  .  |  .  |  |0|квартира 46|684|||13.9|||9.33|40|0.00|42563|0.00|П/белый|
I  -  16 ст-т||||||4562||||||9.33|0|0|0|0|0| 0| 0| 0| 0| 0| 0|0|200010000||| 4256| 46819||
1|567|307|2||16|19/БФ|Фасад|р2|684|0.35|0.35|
2|686|597|1||16|19/БФ|Фасад|р2|684|0.41|0.41|
3|1077|387|2||16|19/БФ|Фасад|р2|684|0.83|0.83|
4|1077|597|4||16|19/БФ|Фасад|р2|684|2.57|2.57|
5|1077|378|1||16|19/БФ|Фасад|р2|684|0.41|0.41|
6|745|377|1||16|19/БФ|Фасад|р2|684|0.28|0.28|
7|356|597|3||16|19/БФ|Фасад|р2|684|0.64|0.64|
8|176|597|3||16|19/БФ|Фасад|р2|684|0.32|0.32|
9|745|597|1||16|19/БФ|Фасад|р2|684|0.45|0.45|
10|745|551|1||16|19/БФ|Фасад|р2|684|0.41|0.41|
11|745|160|1||16|19/БФ|Фасад|р2|684|0.12|0.12|
12|1080|440|1||16|19/БФ|Фасад|р2|684|0.48|0.48|
13|1080|387|1||16|19/БФ|Фасад|р2|684|0.42|0.42|
14|1080|100|2||16|19/БФ|Фасад|р2|684|0.22|0.22|
15|745|100|3||16|19/БФ|Фасад|р2|684|0.22|0.22|
16|745|180|1||16|19/БФ|Фасад|р2|684|0.14|0.14|
17|570|65|1||16|19/БФ|Фасад|р2|684|0.04|0.04|
18|80|685|1||16|19/БФ|Фасад|р2|684|0.06|0.06|
19|80|164|1||16|19/БФ|Фасад|р2|684|0.01|0.01|
20|80|700|1||16|19/БФ|Фасад|р2|684|0.06|0.06|
21|1820|80|1||16|19/БФ|Фасад|р2|684|0.15|0.15|
22|2187|80|1||16|19/БФ|Фасад|р2|684|0.18|0.18|
23|80|423|1||16|19/БФ|Фасад|р2|684|0.03|0.03|
24|95|540|3||16|19/БФ|Фасад|р2|684|0.15|0.15|
25|2000|95|2||16|19/БФ|Фасад|р2|684|0.38|0.38|
#@#
0045|Семкина           |10.01.2025|24.01.2025|0|      |  .  |10.01|  .  |  .  |  .  |--.--|  .  |  .  |  |0||319||| 0.5|||0.33|1|0.00|1505| 1505|П/белый|
I  -  16 ст-т||||||4562||||||0.33|0|0|0|0|0| 0| 0| 0| 0| 0| 0|0|200010000|||| 0||
1|700|477|1||16|15/БФ|Фасад||319|0.33|0.33|
#@#
0046|Ника              |10.01.2025|17.01.2025|0|      |  .  |10.01|  .  |  .  |  .  |--.--|  .  |  .  |  |0|квартира 94|684|||14.1|||9.46|41|0.00|43157|0.00|П/белый|
I  -  16 ст-т||||||4562||||||9.46|0|0|0|0|0| 0| 0| 0| 0| 0| 0|0|200010000||| 4316| 47473||
1|567|307|2||16|19/БФ|Фасад|р2|684|0.35|0.35|
2|686|597|1||16|19/БФ|Фасад|р2|684|0.41|0.41|
3|1077|387|2||16|19/БФ|Фасад|р2|684|0.83|0.83|
4|1077|597|4||16|19/БФ|Фасад|р2|684|2.57|2.57|
5|1077|374|1||16|19/БФ|Фасад|р2|684|0.4|0.4|
6|745|377|1||16|19/БФ|Фасад|р2|684|0.28|0.28|
7|356|597|4||16|19/БФ|Фасад|р2|684|0.85|0.85|
8|176|597|3||16|19/БФ|Фасад|р2|684|0.32|0.32|
9|745|597|2||16|19/БФ|Фасад|р2|684|0.89|0.89|
10|745|155|1||16|19/БФ|Фасад|р2|684|0.12|0.12|
11|1080|440|1||16|19/БФ|Фасад|р2|684|0.48|0.48|
12|1080|403|1||16|19/БФ|Фасад|р2|684|0.44|0.44|
13|1080|100|2||16|19/БФ|Фасад|р2|684|0.22|0.22|
14|745|100|3||16|19/БФ|Фасад|р2|684|0.22|0.22|
15|745|134|1||16|19/БФ|Фасад|р2|684|0.1|0.1|
16|570|63|1||16|19/БФ|Фасад|р2|684|0.04|0.04|
17|70|683|1||16|19/БФ|Фасад|р2|684|0.05|0.05|
18|70|164|1||16|19/БФ|Фасад|р2|684|0.01|0.01|
19|70|700|1||16|19/БФ|Фасад|р2|684|0.05|0.05|
20|1820|70|1||16|19/БФ|Фасад|р2|684|0.13|0.13|
21|2203|70|1||16|19/БФ|Фасад|р2|684|0.16|0.16|
22|70|420|1||16|19/БФ|Фасад|р2|684|0.03|0.03|
23|95|540|3||16|19/БФ|Фасад|р2|684|0.15|0.15|
24|1900|95|2||16|19/БФ|Фасад|р2|684|0.36|0.36|
#@#
0047|Сердюченко        |10.01.2025|24.01.2025|0|      |  .  |10.01|  .  |  .  |  .  |--.--|  .  |  .  |  |0|0029 Упак/ЧИСТАЯ обр|433||| 1.6|||1.09|3|0.00|5315|0.00|П/белый|
I  -  16 не ст-т||||||4876||||||1.09|0|0|0|0|0| 0| 0| 0| 0| 0| 0|0|200010000|||| 5315||
1|1590|497|1||91|11/ФП|Фасад||433|0.79|0.79|
2|300|497|2||91|11/ФП|Фасад||433|0.3|0.3|
#@#
0048|Сердюченко        |10.01.2025|24.01.2025|0|      |  .  |10.01|  .  |  .  |  .  |--.--|  .  |  .  |  |0|0030 Упак|720|||10.2|||6.81|24|0.00|31067|0.00|П/белый|
I  -  16 ст-т||||||4562||||||6.81|0|0|0|0|0| 0| 0| 0| 0| 0| 0|0|200010000|||| 31067||
1|1105|341|1||16|15/БФ|Фасад||720|0.38|0.38|
2|1103|597|2||16|15/БФ|Фасад||720|1.32|1.32|
3|1103|497|1||16|15/БФ|Фасад||720|0.55|0.55|
4|1103|397|2||16|15/БФ|Фасад||720|0.88|0.88|
5|1103|297|1||16|15/БФ|Фасад||720|0.33|0.33|
6|1103|197|1||16|15/БФ|Фасад||720|0.22|0.22|
7|1103|75|1||16|15/БФ|Фасад||720|0.08|0.08|
8|1103|69|1||16|15/БФ|Фасад||720|0.08|0.08|
9|771|597|1||16|15/БФ|Фасад||720|0.46|0.46|
10|717|410|1||16|15/БФ|Фасад||720|0.29|0.29|
11|717|397|2||16|15/БФ|Фасад||720|0.57|0.57|
12|717|100|1||16|15/БФ|Фасад||720|0.07|0.07|
13|717|31|1||16|15/БФ|Фасад||720|0.02|0.02|
14|717|197|1||16|15/БФ|Фасад||720|0.14|0.14|
15|870|568|1||16|15/БФ|Фасад||720|0.5|0.5|
16|118|597|1||16|15/БФ|Фасад||720|0.07|0.07|
17|357|597|3||16|15/БФ|Фасад||720|0.64|0.64|
18|177|597|2||16|15/БФ|Фасад||720|0.21|0.21|
#@#
0049|Сердюченко        |10.01.2025|24.01.2025|0|      |  .  |10.01|  .  |  .  |  .  |--.--|  .  |  .  |  |1|0031 Упак|680|667|621| 0.6| 2.8| 0.3|2.59|9|0.00|13546|0.00|П/белый|
I  -  19 не ст-т|II -  19 ст-т|III-  16 ст-т||||5812|5262|3963||||0.44|1.9|0.25|0|0|0| 0| 0| 0| 0| 0| 0|0|200010000|||| 13546||
1|445|496|2||114|19/ФП|Фасад|19мм.R3|680|0.44|0.44|
2|1696|496|2||16|19/БФ|Фасад|19мм.R3|667|1.68|||1.68|
3|247|447|2||16|19/БФ|Фасад|19мм.R3|667|0.22|||0.22|
4|167|496|3||16|19/БФ|Фасад|R3|621|0.25||||0.25|
#@#
0050|Новиков С         |10.01.2025|24.01.2025|0|      |  .  |  .  |  .  |  .  |  .  |--.--|  .  |  .  |  |0|софт нео Р-862|474||| 6.4|||4.31|13|0.00|21285| 21285|П/белый|
I  -  16 ст-т|II -  16 не ст-т|||||4562|5112|||||1.36|2.95|0|0|0|0| 0| 0| 0| 0| 0| 0|0|000010000|||| 0||
1|397|447|7||16|15/БФ|Фасад||474|1.24|1.24|
2|397|297|1||16|15/БФ|Фасад||474|0.12|0.12|
3|245|547|2||114|15/ФП|Фасад||474|0.27|||0.27|
4|1998|447|3||114|15/ФП|Фасад|РИСУНОК|474|2.68|||2.68|
#@#
0051|Сердюченко        |10.01.2025|17.01.2025|0|      |  .  |10.01|  .  |  .  |  .  |--.--|  .  |  .  |  |0|0033 Упак/ЧИСТАЯ обр|387||| 6.8|||4.59|3|0.00|27232|0.00|П/белый|
I  -  19 не ст-т||||||5933||||||4.59|0|0|0|0|0| 0| 0| 0| 0| 0| 0|0|200010000||| 2723| 29955||
1|2697|567|3||112|19/ФП|Фасад|19мм.R4|387|4.59|4.59|
#@#
0052|Сердюченко        |10.01.2025|17.01.2025|0|      |  .  |10.01|  .  |  .  |  .  |--.--|  .  |  .  |  |0|0032 |489||| 0.3|||0.26|1|0.00|1450|0.00|П/белый|
I  -  19 не ст-т||||||5576||||||0.26|0|0|0|0|0| 0| 0| 0| 0| 0| 0|0|200010000|||1000.00| 2450||
1|397|663|1||114|17/ФП|Фасад|19мм.|489|0.26|0.26|
#@#
0053|Мусьяченко        |10.01.2025|17.01.2025|0|      |  .  |10.01|  .  |  .  |  .  |--.--|  .  |  .  |  |0||476|474|475| 8.6| 4.4| 0.8|9.25|40|0.00|42380|0.00|П/белый|
I  -  16 ст-т|II -  16 не ст-т|||||4562|5112|||||8.92|0.33|0|0|0|0| 0| 0| 0| 0| 0| 0|0|200010000||| 4238| 46618||
1|400|300|2||16|19/БФ|Фасад|Р2 грей софттач|474|0.24|0.24|
2|183|300|4||16|19/БФ|Фасад|Р2 грей софттач|474|0.22|0.22|
3|180|360|2||114|19/ФП|ПСЯ|Р2 грей софттач|474|0.13|||0.13|
4|783|400|2||16|19/БФ|Фасад|Р2 грей софттач|474|0.63|0.63|
5|1500|400|1||16|19/БФ|Фасад|Р2 грей софттач|474|0.6|0.6|
6|1500|60|1||16|19/БФ|Фасад|Р2 грей софттач|474|0.09|0.09|
7|238|730|6||16|19/БФ|Фасад|Р2 грей софттач|474|1.04|1.04|
8|700|400|1||16|19/БФ|Фасад|Р2 французский серый софттач|475|0.28|0.28|
9|183|400|2||16|19/БФ|Фасад|Р2 французский серый софттач|475|0.15|0.15|
10|180|660|1||114|19/ФП|ПСЯ|Р2 французский серый софттач|475|0.12|||0.12|
11|2145|422|3||16|19/БФ|Фасад|Р2 латте софттач|476|2.72|2.72|
12|450|422|3||16|19/БФ|Фасад|Р2 латте софттач|476|0.57|0.57|
13|660|400|1||16|19/БФ|Фасад|Р2 латте софттач|476|0.26|0.26|
14|133|400|2||16|19/БФ|Фасад|Р2 латте софттач|476|0.11|0.11|
15|130|620|1||114|19/ФП|ПСЯ|Р2 латте софттач|476|0.08|||0.08|
16|2390|380|1||16|19/БФ|Фасад|Р2 латте софттач|476|0.91|0.91|
17|190|400|1||16|19/БФ|Фасад|Р2 латте софттач|476|0.08|0.08|
18|1280|190|1||16|19/БФ|Фасад|Р2 латте софттач|476|0.24|0.24|
19|433|380|2||16|19/БФ|Фасад|Р2 латте софттач|476|0.33|0.33|
20|400|550|1||16|19/БФ|Фасад|Р2 латте софттач|476|0.22|0.22|
21|370|546|1||16|19/БФ|Фасад|Р2 латте софттач|476|0.2|0.2|
22|60|546|1||16|19/БФ|Фасад|Р2 латте софттач|476|0.03|0.03|
#@#
0054|Сердюченко        |10.01.2025|24.01.2025|0|      |  .  |  .  |  .  |  .  |  .  |--.--|  .  |  .  |  |0|0035 ДОД 4254|610||| 0.2|||0.18|1|0.00|1028|0.00|П/белый|
I  -  19 не ст-т||||||5712||||||0.18|0|0|0|0|0| 0| 0| 0| 0| 0| 0|0|000010000|||| 1028||
1|515|357|1||РИСУНОК|19/БФ||19мм.R4|610|0.18|0.18|
#@#
0055|Сердюченко        |10.01.2025|24.01.2025|0|      |  .  |10.01|  .  |  .  |  .  |--.--|  .  |  .  |  |0|0036 Упак|486|488|| 1.7| 1.7||2.3|7|0.00|9115|0.00|П/белый|
I  -  16 ст-т||||||3963||||||2.3|0|0|0|0|0| 0| 0| 0| 0| 0| 0|0|200010000|||| 9115||
1|956|597|2||16|19/БФ|Фасад|R4|486|1.14|1.14|
2|716|597|1||16|19/БФ|Фасад|R4|488|0.43|0.43|
3|716|397|1||16|19/БФ|Фасад|R4|488|0.29|0.29|
4|716|100|1||16|19/БФ|Фасад|R4|488|0.07|0.07|
5|716|24|1||.|.|.|R4|488|0.02|0.02|
6|720|480|1||16|19/БФ|Фасад|R4|488|0.35|0.35|
#@#
0056|Сердюченко        |10.01.2025|24.01.2025|0|      |  .  |10.01|  .  |  .  |  .  |--.--|  .  |  .  |  |0|0037 Упак|619||| 2.1|||1.41|6|0.00|6679|0.00|П/белый|
I  -  19 ст-т|II -  19 не ст-т|||||4663|5213|||||1.22|0.19|0|0|0|0| 0| 0| 0| 0| 0| 0|0|200010000|||| 6679||
1|2200|310|1||16|19/БФ|Фасад|19мм.R4|619|0.68|0.68|
2|284|292|2||16|19/БФ|Фасад|19мм.R4|619|0.17|0.17|
3|281|664|2||16|19/БФ|Фасад|19мм.R4|619|0.37|0.37|
4|281|664|1||114|19/ФП|Фасад|19мм.R4|619|0.19|||0.19|
#@#
0057|Сердюченко        |10.01.2025|24.01.2025|0|      |  .  |10.01|  .  |  .  |  .  |--.--|  .  |  .  |  |0|0038 Упак|625|||15.3|||10.24|25|0.00|40581|0.00|П/белый|
I  -  16 ст-т||||||3963||||||10.24|0|0|0|0|0| 0| 0| 0| 0| 0| 0|0|200010000|||| 40581||
1|2700|70|2||16|19/БФ|Фасад|R4|625|0.38|0.38|
2|2261|446|6||16|19/БФ|Фасад|R4|625|6.05|6.05|
3|480|446|6||16|19/БФ|Фасад|R4|625|1.29|1.29|
4|2335|570|1||16|19/БФ|Фасад|R4|625|1.33|1.33|
5|500|570|1||16|19/БФ|Фасад|R4|625|0.29|0.29|
6|210|496|4||16|19/БФ|Фасад|R4|625|0.42|0.42|
7|264|496|3||16|19/БФ|Фасад|R4|625|0.39|0.39|
8|114|396|2||16|19/БФ|Фасад|R4|625|0.09|0.09|
#@#
0058|Сердюченко        |10.01.2025|17.01.2025|0|      |  .  |10.01|  .  |  .  |  .  |--.--|  .  |  .  |  |0|0039 Упак К+С|476|474|| 7.5| 5.1||8.48|33|0.00|38686|0.00|П/белый|
I  -  16 ст-т||||||4562||||||8.48|0|0|0|0|0| 0| 0| 0| 0| 0| 0|0|200010000||| 3869| 42555||
1|690|321|4||16|19/БФ|Фасад|R4|476|0.89|0.89|
2|690|226|1||16|19/БФ|Фасад|R4|476|0.16|0.16|
3|690|446|1||16|19/БФ|Фасад|R4|476|0.31|0.31|
4|690|200|1||16|19/БФ|Фасад|R4|476|0.14|0.14|
5|690|336|1||16|19/БФ|Фасад|R4|476|0.23|0.23|
6|690|346|2||16|19/БФ|Фасад|R4|476|0.48|0.48|
7|162|716|2||16|19/БФ|Фасад|R4|476|0.23|0.23|
8|330|716|1||16|19/БФ|Фасад|R4|476|0.24|0.24|
9|396|646|1||16|19/БФ|Фасад|R4|476|0.26|0.26|
10|396|876|1||16|19/БФ|Фасад|R4|476|0.35|0.35|
11|1000|596|1||16|19/БФ|Фасад|R4|476|0.6|0.6|
12|396|716|1||16|19/БФ|Фасад|R4|476|0.28|0.28|
13|400|200|1||16|19/БФ|Фасад|R4|476|0.08|0.08|
14|396|696|1||16|19/БФ|Фасад|R4|476|0.28|0.28|
15|396|586|1||16|19/БФ|Фасад|R4|476|0.23|0.23|
16|396|696|1||16|19/БФ|Фасад|R4|476|0.28|0.28|
17|780|321|2||16|19/БФ|Фасад|R4|474|0.5|0.5|
18|780|436|2||16|19/БФ|Фасад|R4|474|0.68|0.68|
19|780|356|2||16|19/БФ|Фасад|R4|474|0.56|0.56|
20|780|346|2||16|19/БФ|Фасад|R4|474|0.54|0.54|
21|780|200|1||16|19/БФ|Фасад|R4|474|0.16|0.16|
22|780|586|1||16|19/БФ|Фасад|R4|474|0.46|0.46|
23|780|346|2||16|19/БФ|Фасад|R4|474|0.54|0.54|
#@#
0059|Вечерковский      |10.01.2025|24.01.2025|0|      |  .  |  .  |  .  |  .  |  .  |--.--|  .  |  .  |  |0||719|720|| 3.6| 4.2||5.27|17|0.00|30383|0.00|П/белый|
I  -  19 не ст-т|II -  19 не ст-т|||||5812|5712|||||2.81|2.46|0|0|0|0| 0| 0| 0| 0| 0| 0|0|000010000|||| 30383||
1|1012|597|1||114|17/ФП|Фасад|19мм.|720|0.61|0.61|
2|1012|355|2||114|17/ФП|Фасад|19мм.|720|0.72|0.72|
3|1012|387|2||114|17/ФП|Фасад|19мм.|720|0.78|0.78|
4|1012|547|1||114|17/ФП|Фасад|19мм.|720|0.55|0.55|
5|1015|150|1||114|17/ФП|Бутыл.|19мм.|720|0.15|0.15|
6|177|387|2||РИСУНОК|17/28||19мм.|719|0.14|||0.14|
7|357|387|1||РИСУНОК|17/28||19мм.|719|0.14|||0.14|
8|357|597|1||РИСУНОК|17/28||19мм.|719|0.21|||0.21|
9|384|597|1||РИСУНОК|17/28||19мм.|719|0.23|||0.23|
10|717|402|1||РИСУНОК|17/28||19мм.|719|0.29|||0.29|
11|717|446|1||РИСУНОК|17/28||19мм.|719|0.32|||0.32|
12|717|547|1||РИСУНОК|17/28||19мм.|719|0.39|||0.39|
13|720|200|1||РИСУНОК|17/28||19мм.|719|0.14|||0.14|
14|1009|597|1||РИСУНОК|17/28||19мм.|719|0.6|||0.6|
#@#
0060|Сердюченко        |10.01.2025|24.01.2025|0|      |  .  |10.01|  .  |  .  |  .  |--.--|  .  |  .  |  |0|0018 |662||| 1.4|||0.97|2|0.00|4523|0.00|П/белый|
I  -  19 ст-т||||||4663||||||0.97|0|0|0|0|0| 0| 0| 0| 0| 0| 0|0|200010000|||| 4523||
1|1181|412|2||16|15/БФ|Фасад|19мм.|662|0.97|0.97|
#@#
0061|Сердюченко        |10.01.2025|24.01.2025|0|      |  .  |10.01|  .  |  .  |  .  |--.--|  .  |  .  |  |0|0040 Упак|164|596|| 0.4| 1.1||1.09|3|0.00|4822|0.00|П/белый|
I  -  16 ст-т|II -  16 ст-т|||||4683|4326|||||0.3|0.79|0|0|0|0| 0| 0| 0| 0| 0| 0|0|200010000|||| 4822||
1|910|326|1||16|19/БФ|Фасад|R4|164|0.3|0.3|
2|720|590|1||16|19/БФ|Фасад|R4|596|0.43|||0.43|
3|596|596|1||16|19/БФ|Фасад|R4|596|0.36|||0.36|
#@#
0062|Сердюченко        |10.01.2025|24.01.2025|0|      |  .  |10.01|  .  |  .  |  .  |--.--|  .  |  .  |  |0|0041 Упак К+С|478|||12.7|||8.54|26|0.00|40744|0.00|П/белый|
I  -  16 ст-т|II -  19 ст-т|||||4562|5262|||||5.99|2.55|0|0|0|0| 0| 0| 0| 0| 0| 0|0|200010000|||| 40744||
1|738|597|3||16|19/БФ|Фасад|R4|478|1.32|1.32|
2|349|693|4||16|19/БФ|Фасад|R4|478|0.97|0.97|
3|738|297|1||16|19/БФ|Фасад|R4|478|0.22|0.22|
4|775|250|1||16|19/БФ|Фасад|R4|478|0.19|0.19|
5|349|846|4||16|19/БФ|Фасад|R4|478|1.18|1.18|
6|738|147|1||16|19/БФ|Фасад|R4|478|0.11|0.11|
7|349|597|1||16|19/БФ|Фасад|R4|478|0.21|0.21|
8|49|597|1||16|19/БФ|Фасад|R4|478|0.03|0.03|
9|1165|597|1||16|19/БФ|Фасад|R4|478|0.7|0.7|
10|347|1013|3||16|19/БФ|Фасад|R4|478|1.06|1.06|
11|840|505|6||16|19/БФ|Фасад|19мм.R4|478|2.55|||2.55|
