@ ROUT, 0 : "131", 0, "1", 0, 0, "", 1, 18, -1, 0, 0, 0, 0, 0, 0, 0, 0, 0, 0, 0, 0, 0, 0, 0, 0, 0, 0, 0, 1, 0, 0, 0, 0, 1, 0, 0, 0, 0, 0, 1, 0, -1, 0, 5000, 18000, 0, 8000, "131", 103, 1, 0, 0, 90, 0, 0, 0, 0, 0, 0, 90, 0, 0, 0, 0, 0, 0, 0, 0, 0, 0, "", 0, 0, 0, 0, 0, 0, 0, 0, 0, "", 5, 0, 20, 80, 60, 0, "", "", "ROUT", 0, 1, 1, 0, 0, 0, 0, 0, 0, 0, 0, 0, 0, 0, 0, 0, 0, 2000, 0, 0.1, 0, 0, 0, 1, 110
  @ START_POINT, 0 : RAMX+10, RAMY, 0
  @ LINE_EP, 0 : RAMX+30, RAMY, 0, 9, 0, 0, 0, 0, 0
  @ LINE_EP, 0 : lpx-RAMK, RAMY, 0, 0, 0, 0, 0, 0, 0
  @ LINE_EP, 0 : lpx-RAMK, lpy-RAMY, 0, 0, 0, 0, 0, 0, 0
  @ LINE_EP, 0 : RAMX, lpy-RAMY, 0, 0, 0, 0, 0, 0, 0
  @ ARC_EPRA, 0 : RAMX-tx1, lpy-RAMY-ty1, rRr, 2, 0, 0, 0, 0, 0, 0
  @ ARC_EPRA, 0 : RAMX-tx1, RAMY+ty1, rRr, 1, 0, 0, 0, 0, 0, 1
  @ ARC_EPRA, 0 : RAMX, RAMY, rRr, 2, 0, 0, 0, 0, 0, 1
  @ LINE_EP, 0 : RAMX+40, RAMY, 0, 0, 0, 0, 0, 0, 0
  @ LINE_EP, 0 : RAMX+50, RAMY, 0, -1, 0, 0, 0, 0, 0
  @ ENDPATH, 0 :
