@ ROUT, 0 : "150", 0, "1", 0, 0, "", 1, 18, -1, 0, 0, 0, 0, 0, 0, 0, 0, 0, 0, 0, 0, 0, 0, 0, 0, 0, 0, 0, 1, 0, 0, 0, 0, 1, 0, 0, 0, 0, 0, 1, 0, -1, 0, 5000, 18000, 0, 8000, "150", 103, 1, 0, 0, 90, 0, 0, 0, 0, 0, 0, 90, 0, 0, 0, 0, 0, 0, 0, 0, 0, 0, "", 0, 0, 0, 0, 0, 0, 0, 0, 0, "", 5, 0, 20, 80, 60, 0, "", "", "ROUT", 0, 1, 1, 0, 0, 0, 0, 0, 0, 0, 0, 0, 0, 0, 0, 0, 0, 2000, 0, 0.1, 0, 0, 0, 1, 110
  @ START_POINT, 0 : RAM, -20, 0
  @ LINE_EP, 0 : RAM, lpy+20, 2.5, 0, 0, 0, 0, 0, 0
  @ LINE_EP, 0 : RAM+sy, lpy+20, 0, 0, 0, 0, 0, 0, 0
  @ LINE_EP, 0 : RAM+sy, -20, 0, 0, 0, 0, 0, 0, 0
  @ LINE_EP, 0 : RAM+sy*2, -20, 0, 0, 0, 0, 0, 0, 0
  @ LINE_EP, 0 : RAM+sy*2, lpy+20, 0, 0, 0, 0, 0, 0, 0
  @ LINE_EP, 0 : lpx-RAM-sy*2, lpy+20, 0, 0, 0, 0, 0, 0, 0
  @ LINE_EP, 0 : lpx-RAM-sy*2, -20, 0, 0, 0, 0, 0, 0, 0
  @ LINE_EP, 0 : lpx-RAM-sy, -20, 0, 0, 0, 0, 0, 0, 0
  @ LINE_EP, 0 : lpx-RAM-sy, lpy+20, 0, 0, 0, 0, 0, 0, 0
  @ LINE_EP, 0 : lpx-RAM, lpy+20, 0, 0, 0, 0, 0, 0, 0
  @ LINE_EP, 0 : lpx-RAM, -20, 0, 0, 0, 0, 0, 0, 0
  @ ENDPATH, 0 :