@ ROUT, 0 : "136", 0, "1", 0, 0, "", 1, 18, -1, 0, 0, 0, 0, 0, 0, 0, 0, 0, 0, 0, 0, 0, 0, 0, 0, 0, 0, 0, 1, 0, 0, 0, 0, 1, 0, 0, 0, 0, 0, 1, 0, -1, 0, 5000, 18000, 0, 8000, "136", 103, 1, 0, 0, 90, 0, 0, 0, 0, 0, 0, 90, 0, 0, 0, 0, 0, 0, 0, 0, 0, 0, "", 0, 0, 0, 0, 0, 0, 0, 0, 0, "", 5, 0, 20, 80, 60, 0, "", "", "ROUT", 0, 1, 1, 0, 0, 0, 0, 0, 0, 0, 0, 0, 0, 0, 0, 0, 0, 2000, 0, 0.1, 0, 0, 0, 1, 110
  @ START_POINT, 0 : RAMX+10, RAMY, 0
  @ LINE_EP, 0 : lpx-RAMZ, RAMY, 2, 0, 0, 0, 0, 0, 0
  @ LINE_EP, 0 : lpx-RAMZ, lpy-RAMY, 0, 0, 0, 0, 0, 0, 0
  @ LINE_EP, 0 : RAMX, lpy-RAMY, 0, 0, 0, 0, 0, 0, 0
  @ ARC_EPRA, 0 : RAMX, RAMY, RRR, 1, 0, 0, 0, 0, 0, 1
  @ LINE_EP, 0 : RAMX+20, RAMY, 0, 0, 0, 0, 0, 0, 0
  @ LINE_EP, 0 : RAMX+50, RAMY, 0, -1, 0, 0, 0, 0, 0
  @ ENDPATH, 0 :  
  
@ ROUT, 0 : "136", 0, "1", 0, 0, "", 1, 18, -1, 0, 0, 0, 0, 0, 0, 0, 0, 0, 0, 0, 0, 0, 0, 0, 0, 0, 0, 0, 1, 0, 0, 0, 0, 1, 0, 0, 0, 0, 0, 1, 0, -1, 0, 5000, 18000, 0, 8000, "136", 103, 1, 0, 0, 90, 0, 0, 0, 0, 0, 0, 90, 0, 0, 0, 0, 0, 0, 0, 0, 0, 0, "", 0, 0, 0, 0, 0, 0, 0, 0, 0, "", 5, 0, 20, 80, 60, 0, "", "", "ROUT", 0, 1, 1, 0, 0, 0, 0, 0, 0, 0, 0, 0, 0, 0, 0, 0, 0, 2000, 0, 0.1, 0, 0, 0, 1, 110
  @ START_POINT, 0 : KANT+20, KANT, 0
  @ LINE_EP, 0 : lpx-KANT, KANT, 1.5, 0, 0, 0, 0, 0, 0
  @ LINE_EP, 0 : lpx-KANT, lpy-KANT, 0, 0, 0, 0, 0, 0, 0
  @ LINE_EP, 0 : KANT, lpy-KANT, 0, 0, 0, 0, 0, 0, 0
  @ LINE_EP, 0 : KANT, KANT, 0, 0, 0, 0, 0, 0, 0
  @ LINE_EP, 0 : KANT+30, KANT, 0, 0, 0, 0, 0, 0, 0
  @ LINE_EP, 0 : KANT+50, KANT, 0, -1, 0, 0, 0, 0, 0
  @ ENDPATH, 0 :  

' kray18
