@ ROUT, 0 : "157", 0, "1", 0, 0, "", 1, 18, -1, 0, 0, 0, 0, 0, 0, 0, 0, 0, 0, 0, 0, 0, 0, 0, 0, 0, 0, 0, 1, 0, 0, 0, 0, 1, 0, 0, 0, 0, 0, 1, 0, -1, 0, 5000, 18000, 0, 8000, "157", 103, 1, 0, 0, 90, 0, 0, 0, 0, 0, 0, 90, 0, 0, 0, 0, 0, 0, 0, 0, 0, 0, "", 0, 0, 0, 0, 0, 0, 0, 0, 0, "", 5, 0, 20, 80, 60, 0, "", "", "ROUT", 0, 1, 1, 0, 0, 0, 0, 0, 0, 0, 0, 0, 0, 0, 0, 0, 0, 2000, 0, 0.1, 0, 0, 0, 1, 110
  @ START_POINT, 0 : RAMY+OBV0+20, RAMY+OBV0, 0
  @ LINE_EP, 0 : RAMY+OBV0+120, RAMY+OBV0, 0, T_9, 0, 0, 0, 0, 0
  @ LINE_EP, 0 : lpx-RAMY-OBV0, RAMY+OBV0, 0, 0, 0, 0, 0, 0, 0
  @ LINE_EP, 0 : lpx-RAMY-OBV0, lpy-h0, 0, 0, 0, 0, 0, 0, 0
  @ ARC_EPRA, 0 : RAMY+OBV0, lpy-h0, RRR-OBV0, 1, 0, 0, 0, 0, 0, 1
  @ LINE_EP, 0 : RAMY+OBV0, RAMY+OBV0, 0, 0, 0, 0, 0, 0, 0
  @ LINE_EP, 0 : RAMY+OBV0+130, RAMY+OBV0, 0, 0, 0, 0, 0, 0, 0
  @ LINE_EP, 0 : RAMY+OBV0+160, RAMY+OBV0, 0, -1, 0, 0, 0, 0, 0
  @ ENDPATH, 0 :

@ ROUT, 0 : "150", 0, "1", 0, 0, "", 1, 18, -1, 0, 0, 0, 0, 0, 0, 0, 0, 0, 0, 0, 0, 0, 0, 0, 0, 0, 0, 0, 1, 0, 0, 0, 0, 1, 0, 0, 0, 0, 0, 1, 0, -1, 0, 5000, 18000, 0, 8000, "150", 103, 1, 0, 0, 90, 0, 0, 0, 0, 0, 0, 90, 0, 0, 0, 0, 0, 0, 0, 0, 0, 0, "", 0, 0, 0, 0, 0, 0, 0, 0, 0, "", 5, 0, 20, 80, 60, 0, "", "", "ROUT", 0, 1, 1, 0, 0, 0, 0, 0, 0, 0, 0, 0, 0, 0, 0, 0, 0, 2000, 0, 0.1, 0, 0, 0, 1, 110
  @ START_POINT, 0 : RAMY+OBV3+20, RAMY+OBV3, 0
  @ LINE_EP, 0 : lpx-RAMY-OBV3, RAMY+OBV3, T_9, 0, 0, 0, 0, 0, 0
  @ LINE_EP, 0 : lpx-RAMY-OBV3, lpy-h3, 0, 0, 0, 0, 0, 0, 0
  @ ARC_EPRA, 0 : RAMY+OBV3, lpy-h3, RRR-OBV3, 1, 0, 0, 0, 0, 0, 1
  @ LINE_EP, 0 : RAMY+OBV3, RAMY+OBV3, 0, 0, 0, 0, 0, 0, 0
  @ LINE_EP, 0 : RAMY+OBV3+30, RAMY+OBV3, 0, 0, 0, 0, 0, 0, 0
  @ LINE_EP, 0 : RAMY+OBV3+60, RAMY+OBV3, 0, -1, 0, 0, 0, 0, 0
  @ ENDPATH, 0 :
  
@ ROUT, 0 : "150", 0, "1", 0, 0, "", 1, 18, -1, 0, 0, 0, 0, 0, 0, 0, 0, 0, 0, 0, 0, 0, 0, 0, 0, 0, 0, 0, 1, 0, 0, 0, 0, 1, 0, 0, 0, 0, 0, 1, 0, -1, 0, 5000, 18000, 0, 8000, "150", 103, 1, 0, 0, 90, 0, 0, 0, 0, 0, 0, 90, 0, 0, 0, 0, 0, 0, 0, 0, 0, 0, "", 0, 0, 0, 0, 0, 0, 0, 0, 0, "", 5, 0, 20, 80, 60, 0, "", "", "ROUT", 0, 1, 1, 0, 0, 0, 0, 0, 0, 0, 0, 0, 0, 0, 0, 0, 0, 2000, 0, 0.1, 0, 0, 0, 1, 110
  @ START_POINT, 0 : RAMY+OBV5+20, RAMY+OBV5, 0
  @ LINE_EP, 0 : lpx-RAMY-OBV5, RAMY+OBV5, T_3, 0, 0, 0, 0, 0, 0
  @ LINE_EP, 0 : lpx-RAMY-OBV5, lpy-h5, 0, 0, 0, 0, 0, 0, 0
  @ ARC_EPRA, 0 : RAMY+OBV5, lpy-h5, RRR-OBV5, 1, 0, 0, 0, 0, 0, 1
  @ LINE_EP, 0 : RAMY+OBV5, RAMY+OBV5, 0, 0, 0, 0, 0, 0, 0
  @ LINE_EP, 0 : RAMY+OBV5+30, RAMY+OBV5, 0, 0, 0, 0, 0, 0, 0
  @ LINE_EP, 0 : RAMY+OBV5+60, RAMY+OBV5, 0, -1, 0, 0, 0, 0, 0
  @ ENDPATH, 0 :
  
' kray18

@ ROUT, 0 : "144", 0, "1", 0, 0, "", 1, 18, -1, 0, 0, 0, 0, 0, 0, 0, 0, 0, 0, 0, 0, 0, 0, 0, 0, 0, 0, 0, 1, 0, 0, 0, 0, 1, 0, 0, 0, 0, 0, 1, 0, -1, 0, 5000, 18000, 0, 8000, "144", 103, 1, 0, 0, 90, 0, 0, 0, 0, 0, 0, 90, 0, 0, 0, 0, 0, 0, 0, 0, 0, 0, "", 0, 0, 0, 0, 0, 0, 0, 0, 0, "", 5, 0, 20, 80, 60, 0, "", "", "ROUT", 0, 1, 1, 0, 0, 0, 0, 0, 0, 0, 0, 0, 0, 0, 0, 0, 0, 2000, 0, 0.1, 0, 0, 0, 1, 110
  @ START_POINT, 0 : RAMY+OBV4+20, RAMY+OBV4, 0
  @ LINE_EP, 0 : lpx-RAMY-OBV4, RAMY+OBV4, T_9, 0, 0, 0, 0, 0, 0
  @ LINE_EP, 0 : lpx-RAMY-OBV4+10, RAMY+OBV4-10, 0, -10, 0, 0, 0, 0, 0
  @ LINE_EP, 0 : lpx-RAMY-OBV4, RAMY+OBV4, 0, 10, 0, 0, 0, 0, 0
  @ LINE_EP, 0 : lpx-RAMY-OBV4, lpy-h4, 0, 0, 0, 0, 0, 0, 0
  @ LINE_EP, 0 : lpx-RAMY-OBV4+10, lpy-h10, 0, -10, 0, 0, 0, 0, 0
  @ LINE_EP, 0 : lpx-RAMY-OBV4, lpy-h4, 0, 10, 0, 0, 0, 0, 0
  @ ARC_EPRA, 0 : RAMY+OBV4, lpy-h4, RRR-OBV4, 1, 0, 0, 0, 0, 0, 1
  @ LINE_EP, 0 : RAMY+OBV4-10, lpy-h10, 0, -10, 0, 0, 0, 0, 0
  @ LINE_EP, 0 : RAMY+OBV4, lpy-h4, 0, 10, 0, 0, 0, 0, 0
  @ LINE_EP, 0 : RAMY+OBV4, RAMY+OBV4, 0, 0, 0, 0, 0, 0, 0
  @ LINE_EP, 0 : RAMY+OBV4-10, RAMY+OBV4-10, 0, -10, 0, 0, 0, 0, 0
  @ LINE_EP, 0 : RAMY+OBV4, RAMY+OBV4, 0, 10, 0, 0, 0, 0, 0
  @ LINE_EP, 0 : RAMY+OBV4+30, RAMY+OBV4, 0, 0, 0, 0, 0, 0, 0
  @ LINE_EP, 0 : RAMY+OBV4+60, RAMY+OBV4, 0, -1, 0, 0, 0, 0, 0
  @ ENDPATH, 0 :
  
@ ROUT, 0 : "144", 0, "1", 0, 0, "", 1, 18, -1, 0, 0, 0, 0, 0, 0, 0, 0, 0, 0, 0, 0, 0, 0, 0, 0, 0, 0, 0, 1, 0, 0, 0, 0, 1, 0, 0, 0, 0, 0, 1, 0, -1, 0, 5000, 18000, 0, 8000, "144", 103, 1, 0, 0, 90, 0, 0, 0, 0, 0, 0, 90, 0, 0, 0, 0, 0, 0, 0, 0, 0, 0, "", 0, 0, 0, 0, 0, 0, 0, 0, 0, "", 5, 0, 20, 80, 60, 0, "", "", "ROUT", 0, 1, 1, 0, 0, 0, 0, 0, 0, 0, 0, 0, 0, 0, 0, 0, 0, 2000, 0, 0.1, 0, 0, 0, 1, 110
  @ START_POINT, 0 : RAMY+OBV6+20, RAMY+OBV6, 0
  @ LINE_EP, 0 : lpx-RAMY-OBV6, RAMY+OBV6, T_3, 0, 0, 0, 0, 0, 0
  @ LINE_EP, 0 : lpx-RAMY-OBV6+10, RAMY+OBV6-10, 0, -10, 0, 0, 0, 0, 0
  @ LINE_EP, 0 : lpx-RAMY-OBV6, RAMY+OBV6, 0, 10, 0, 0, 0, 0, 0
  @ LINE_EP, 0 : lpx-RAMY-OBV6, lpy-h6, 0, 0, 0, 0, 0, 0, 0
  @ LINE_EP, 0 : lpx-RAMY-OBV6+10, lpy-h11, 0, -10, 0, 0, 0, 0, 0
  @ LINE_EP, 0 : lpx-RAMY-OBV6, lpy-h6, 0, 10, 0, 0, 0, 0, 0
  @ ARC_EPRA, 0 : RAMY+OBV6, lpy-h6, RRR-OBV6, 1, 0, 0, 0, 0, 0, 1
  @ LINE_EP, 0 : RAMY+OBV6-10, lpy-h11, 0, -10, 0, 0, 0, 0, 0
  @ LINE_EP, 0 : RAMY+OBV6, lpy-h6, 0, 10, 0, 0, 0, 0, 0
  @ LINE_EP, 0 : RAMY+OBV6, RAMY+OBV6, 0, 0, 0, 0, 0, 0, 0
  @ LINE_EP, 0 : RAMY+OBV6-10, RAMY+OBV6-10, 0, -10, 0, 0, 0, 0, 0
  @ LINE_EP, 0 : RAMY+OBV6, RAMY+OBV6, 0, 10, 0, 0, 0, 0, 0
  @ LINE_EP, 0 : RAMY+OBV6+30, RAMY+OBV6, 0, 0, 0, 0, 0, 0, 0
  @ LINE_EP, 0 : RAMY+OBV6+60, RAMY+OBV6, 0, -1, 0, 0, 0, 0, 0
  @ ENDPATH, 0 :

@ ROUT, 0 : "144_1", 0, "1", 0, 0, "", 1, 18, -1, 0, 0, 0, 0, 0, 0, 0, 0, 0, 0, 0, 0, 0, 0, 0, 0, 0, 0, 0, 1, 0, 0, 0, 0, 1, 0, 0, 0, 0, 0, 1, 0, -1, 0, 5000, 18000, 0, 8000, "144", 103, 1, 0, 0, 90, 0, 0, 0, 0, 0, 0, 90, 0, 0, 0, 0, 0, 0, 0, 0, 0, 0, "", 0, 0, 0, 0, 0, 0, 0, 0, 0, "", 5, 0, 20, 80, 60, 0, "", "", "ROUT", 0, 1, 1, 0, 0, 0, 0, 0, 0, 0, 0, 0, 0, 0, 0, 0, 0, 2000, 0, 0.1, 0, 0, 0, 1, 110
  @ START_POINT, 0 : RAMY+OBV7, lpy-h7, 0
  @ LINE_EP, 0 : RAMY+OBV7-6, lpy-h9, 1, 0, 0, 0, 0, 0, 0
  @ LINE_EP, 0 : RAMY+OBV7-6, lpy+15, 0, 0, 0, 0, 0, 0, 0
  @ LINE_EP, 0 : lpx-RAMY-OBV7+6, lpy+15, 0, 0, 0, 0, 0, 0, 0
  @ LINE_EP, 0 : lpx-RAMY-OBV7+6, lpy-h9, 0, 0, 0, 0, 0, 0, 0
  @ LINE_EP, 0 : lpx-RAMY-OBV7, lpy-h7, 0, 0, 0, 0, 0, 0, 0
  @ ENDPATH, 0 : 
  
@ ROUT, 0 : "144_1", 0, "1", 0, 0, "", 1, 18, -1, 0, 0, 0, 0, 0, 0, 0, 0, 0, 0, 0, 0, 0, 0, 0, 0, 0, 0, 0, 1, 0, 0, 0, 0, 1, 0, 0, 0, 0, 0, 1, 0, -1, 0, 5000, 18000, 0, 8000, "144", 103, 1, 0, 0, 90, 0, 0, 0, 0, 0, 0, 90, 0, 0, 0, 0, 0, 0, 0, 0, 0, 0, "", 0, 0, 0, 0, 0, 0, 0, 0, 0, "", 5, 0, 20, 80, 60, 0, "", "", "ROUT", 0, 1, 1, 0, 0, 0, 0, 0, 0, 0, 0, 0, 0, 0, 0, 0, 0, 2000, 0, 0.1, 0, 0, 0, 1, 110
  @ START_POINT, 0 : lpx-RAMY-OBV7, RAMY+OBV7, 0
  @ LINE_EP, 0 : lpx-RAMY-OBV7+6, RAMY+OBV7-6, 1, 0, 0, 0, 0, 0, 0
  @ LINE_EP, 0 : lpx-RAMY-OBV7+6, -15, 0, 0, 0, 0, 0, 0, 0
  @ LINE_EP, 0 : RAMY+OBV7-6, -15, 0, 0, 0, 0, 0, 0, 0
  @ LINE_EP, 0 : RAMY+OBV7-6, RAMY+OBV7-6, 0, 0, 0, 0, 0, 0, 0
  @ LINE_EP, 0 : RAMY+OBV7, RAMY+OBV7, 0, 0, 0, 0, 0, 0, 0
  @ ENDPATH, 0 :

@ ROUT, 0 : "136_2", 0, "1", 0, 0, "", 1, 18, -1, 0, 0, 0, 0, 0, 0, 0, 0, 0, 0, 0, 0, 0, 0, 0, 0, 0, 0, 0, 1, 0, 0, 0, 0, 1, 0, 0, 0, 0, 0, 1, 0, -1, 0, 5000, 18000, 0, 8000, "136", 103, 1, 0, 0, 90, 0, 0, 0, 0, 0, 0, 90, 0, 0, 0, 0, 0, 0, 0, 0, 0, 0, "", 0, 0, 0, 0, 0, 0, 0, 0, 0, "", 5, 0, 20, 80, 60, 0, "", "", "ROUT", 0, 1, 1, 0, 0, 0, 0, 0, 0, 0, 0, 0, 0, 0, 0, 0, 0, 2000, 0, 0.1, 0, 0, 0, 1, 110
  @ START_POINT, 0 : RAMY+20, RAMY, 0
  @ LINE_EP, 0 : lpx-RAMY, RAMY, 2, 0, 0, 0, 0, 0, 0
  @ LINE_EP, 0 : lpx-RAMY, lpy-RAMX, 0, 0, 0, 0, 0, 0, 0
  @ ARC_EPRA, 0 : RAMY, lpy-RAMX, RRR, 1, 0, 0, 0, 0, 0, 1
  @ LINE_EP, 0 : RAMY, RAMY, 0, 0, 0, 0, 0, 0, 0
  @ LINE_EP, 0 : RAMY+30, RAMY, 0, 0, 0, 0, 0, 0, 0
  @ LINE_EP, 0 : RAMY+60, RAMY, 0, -1, 0, 0, 0, 0, 0
  @ ENDPATH, 0 :

@ ROUT, 0 : "136_3", 0, "1", 0, 0, "", 1, 18, -1, 0, 0, 0, 0, 0, 0, 0, 0, 0, 0, 0, 0, 0, 0, 0, 0, 0, 0, 0, 1, 0, 0, 0, 0, 1, 0, 0, 0, 0, 0, 1, 0, -1, 0, 5000, 18000, 0, 8000, "136", 103, 1, 0, 0, 90, 0, 0, 0, 0, 0, 0, 90, 0, 0, 0, 0, 0, 0, 0, 0, 0, 0, "", 0, 0, 0, 0, 0, 0, 0, 0, 0, "", 5, 0, 20, 80, 60, 0, "", "", "ROUT", 0, 1, 1, 0, 0, 0, 0, 0, 0, 0, 0, 0, 0, 0, 0, 0, 0, 2000, 0, 0.1, 0, 0, 0, 1, 110
  @ START_POINT, 0 : KANT+20, KANT, 0
  @ LINE_EP, 0 : lpx-KANT, KANT, 1.5, 0, 0, 0, 0, 0, 0
  @ LINE_EP, 0 : lpx-KANT, lpy-KANT, 0, 0, 0, 0, 0, 0, 0
  @ LINE_EP, 0 : KANT, lpy-KANT, 0, 0, 0, 0, 0, 0, 0
  @ LINE_EP, 0 : KANT, KANT, 0, 0, 0, 0, 0, 0, 0
  @ LINE_EP, 0 : KANT+30, KANT, 0, 0, 0, 0, 0, 0, 0
  @ LINE_EP, 0 : KANT+50, KANT, 0, -1, 0, 0, 0, 0, 0
  @ ENDPATH, 0 :  

@ ROUT, 0 : "132", 0, "1", 0, 0, "", 1, 18, -1, 0, 0, 0, 0, 0, 0, 0, 0, 0, 0, 0, 0, 0, 0, 0, 0, 0, 0, 0, 1, 0, 0, 0, 0, 1, 0, 0, 0, 0, 0, 1, 0, -1, 0, 5000, 18000, 0, 8000, "132", 103, 1, 0, 0, 90, 0, 0, 0, 0, 0, 0, 90, 0, 0, 0, 0, 0, 0, 0, 0, 0, 0, "", 0, 0, 0, 0, 0, 0, 0, 0, 0, "", 5, 0, 20, 80, 60, 0, "", "", "ROUT", 0, 1, 1, 0, 0, 0, 0, 0, 0, 0, 0, 0, 0, 0, 0, 0, 0, 2000, 0, 0.1, 0, 0, 0, 1, 110
  @ START_POINT, 0 : RAMY+OBV1+20, RAMY+OBV1, 0
  @ LINE_EP, 0 : RAMY+OBV1+120, RAMY+OBV1, 0, 15.2, 0, 0, 0, 0, 0
  @ LINE_EP, 0 : lpx-RAMY-OBV1, RAMY+OBV1, 0, 0, 0, 0, 0, 0, 0
  @ LINE_EP, 0 : lpx-RAMY-OBV1, lpy-h1, 0, 0, 0, 0, 0, 0, 0
  @ ARC_EPRA, 0 : RAMY+OBV1, lpy-h1, RRR-OBV1, 1, 0, 0, 0, 0, 0, 1
  @ LINE_EP, 0 : RAMY+OBV1, RAMY+OBV1, 0, 0, 0, 0, 0, 0, 0
  @ LINE_EP, 0 : RAMY+OBV1+130, RAMY+OBV1, 0, 0, 0, 0, 0, 0, 0
  @ LINE_EP, 0 : RAMY+OBV1+160, RAMY+OBV1, 0, -1, 0, 0, 0, 0, 0
  @ ENDPATH, 0 :
  