@ ROUT, 0 : "144", 0, "1", 0, 0, "", 1, 18, -1, 0, 0, 0, 0, 0, 0, 0, 0, 0, 0, 0, 0, 0, 0, 0, 0, 0, 0, 0, 1, 0, 0, 0, 0, 1, 0, 0, 0, 0, 0, 1, 0, -1, 0, 5000, 18000, 0, 8000, "144", 103, 1, 0, 0, 90, 0, 0, 0, 0, 0, 0, 90, 0, 0, 0, 0, 0, 0, 0, 0, 0, 0, "", 0, 0, 0, 0, 0, 0, 0, 0, 0, "", 5, 0, 20, 80, 60, 0, "", "", "ROUT", 0, 1, 1, 0, 0, 0, 0, 0, 0, 0, 0, 0, 0, 0, 0, 0, 0, 2000, 0, 0.1, 0, 0, 0, 1, 110
  @ START_POINT, 0 : -5, -5, 0
  @ LINE_EP, 0 : RAMX, RAMX, 4, 0, 0, 0, 0, 0, 0
  @ LINE_EP, 0 : RAMX, lpy-RAMX, 0, 0, 0, 0, 0, 0, 0
  @ LINE_EP, 0 : -5, lpy--5, 0, 0, 0, 0, 0, 0, 0
  @ LINE_EP, 0 : RAMX, lpy-RAMX, 0, 0, 0, 0, 0, 0, 0
  @ LINE_EP, 0 : lpx-RAMX, lpy-RAMX, 0, 0, 0, 0, 0, 0, 0
  @ LINE_EP, 0 : lpx--5, lpy--5, 0, 0, 0, 0, 0, 0, 0
  @ LINE_EP, 0 : lpx-RAMX, lpy-RAMX, 0, 0, 0, 0, 0, 0, 0
  @ LINE_EP, 0 : lpx-RAMX, RAMX, 0, 0, 0, 0, 0, 0, 0
  @ LINE_EP, 0 : lpx--5, -5, 0, 0, 0, 0, 0, 0, 0
  @ LINE_EP, 0 : lpx-RAMX, RAMX, 0, 0, 0, 0, 0, 0, 0
  @ LINE_EP, 0 : RAMX, RAMX, 0, 0, 0, 0, 0, 0, 0
  @ ENDPATH, 0 :  