@ ROUT, 0 : "132", 0, "1", 0, 0, "", 1, 18, -1, 0, 0, 0, 0, 0, 0, 0, 0, 0, 0, 0, 0, 0, 0, 0, 0, 0, 0, 0, 1, 0, 0, 0, 0, 1, 0, 0, 0, 0, 0, 1, 0, -1, 0, 5000, 18000, 0, 8000, "132", 103, 1, 2, 0, 90, 0, 0, 0, 0, 0, 0, 90, 0, 0, 0, 0, 0, 0, 0, 0, 0, 0, "", 0, 0, 0, 0, 0, 0, 0, 0, 0, "", 5, 0, 20, 80, 60, 0, "", "", "ROUT", 0, 1, 1, 0, 0, 0, 0, 0, 0, 0, 0, 0, 0, 0, 0, 0, 0, 2000, 0, 0.1, 0, 0, 0, 1, 110
  @ START_POINT, 0 : RAMX+20, RAMX, 0
  @ LINE_EP, 0 : RAMX+100, RAMX, 0, 15.2, 0, 0, 0, 0, 0
  @ LINE_EP, 0 : lpx-RAMX, RAMX, 0, 0, 0, 0, 0, 0, 0
  @ CONNECTOR, 0 : 9, 0, 0, 0, 0, 0, 0
  @ LINE_EP, 0 : lpx-RAMX, lpy-RAMX, 0, 0, 0, 0, 0, 0, 0
  @ CONNECTOR, 0 : 9, 0, 0, 0, 0, 0, 0
  @ LINE_EP, 0 : RAMX, lpy-RAMX, 0, 0, 0, 0, 0, 0, 0
  @ CONNECTOR, 0 : 9, 0, 0, 0, 0, 0, 0
  @ LINE_EP, 0 : RAMX, RAMX, 0, 0, 0, 0, 0, 0, 0
  @ CONNECTOR, 0 : 9, 0, 0, 0, 0, 0, 0
  @ LINE_EP, 0 : RAMX+110, RAMX, 0, 0, 0, 0, 0, 0, 0
  @ LINE_EP, 0 : RAMX+130, RAMX, 0, -1, 0, 0, 0, 0, 0
  @ ENDPATH, 0 :
  
@ ROUT, 0 : "155", 0, "1", 0, 0, "", 1, 18, -1, 0, 0, 0, 0, 0, 0, 0, 0, 0, 0, 0, 0, 0, 0, 0, 0, 0, 0, 0, 1, 0, 0, 0, 0, 1, 0, 0, 0, 0, 0, 1, 0, -1, 0, 5000, 18000, 0, 8000, "155", 103, 1, 2, 0, 90, 0, 0, 0, 0, 0, 0, 90, 0, 0, 0, 0, 0, 0, 0, 0, 0, 0, "", 0, 0, 0, 0, 0, 0, 0, 0, 0, "", 5, 0, 20, 80, 60, 0, "", "", "ROUT", 0, 1, 1, 0, 0, 0, 0, 0, 0, 0, 0, 0, 0, 0, 0, 0, 0, 2000, 0, 0.1, 0, 0, 0, 1, 110
  @ START_POINT, 0 : RAMX+20, RAMX, 0
  @ LINE_EP, 0 : RAMX+100, RAMX, 0, 13, 0, 0, 0, 0, 0
  @ LINE_EP, 0 : lpx-RAMX, RAMX, 0, 0, 0, 0, 0, 0, 0
  @ CONNECTOR, 0 : 9, 0, 0, 0, 0, 0, 0
  @ LINE_EP, 0 : lpx-RAMX, lpy-RAMX, 0, 0, 0, 0, 0, 0, 0
  @ CONNECTOR, 0 : 9, 0, 0, 0, 0, 0, 0
  @ LINE_EP, 0 : RAMX, lpy-RAMX, 0, 0, 0, 0, 0, 0, 0
  @ CONNECTOR, 0 : 9, 0, 0, 0, 0, 0, 0
  @ LINE_EP, 0 : RAMX, RAMX, 0, 0, 0, 0, 0, 0, 0
  @ CONNECTOR, 0 : 9, 0, 0, 0, 0, 0, 0
  @ LINE_EP, 0 : RAMX+110, RAMX, 0, 0, 0, 0, 0, 0, 0
  @ LINE_EP, 0 : RAMX+130, RAMX, 0, -1, 0, 0, 0, 0, 0
  @ ENDPATH, 0 :
