@ ROUT, 0 : "159", 0, "1", 0, 0, "", 1, 18, -1, 0, 0, 0, 0, 0, 0, 0, 0, 0, 0, 0, 0, 0, 0, 0, 0, 0, 0, 0, 1, 0, 0, 0, 0, 1, 0, 0, 0, 0, 0, 1, 0, -1, 0, 5000, 18000, 0, 8000, "159", 103, 1, 0, 0, 90, 0, 0, 0, 0, 0, 0, 90, 0, 0, 0, 0, 0, 0, 0, 0, 0, 0, "", 0, 0, 0, 0, 0, 0, 0, 0, 0, "", 5, 0, 20, 80, 60, 0, "", "", "ROUT", 0, 1, 1, 0, 0, 0, 0, 0, 0, 0, 0, 0, 0, 0, 0, 0, 0, 2000, 0, 0.1, 0, 0, 0, 1, 110
  @ START_POINT, 0 : RAMX+10, RAMY+rRr1, 0
  @ LINE_EP, 0 : RAMX+60, RAMY+rRr1, 0, 12.9, 0, 0, 0, 0, 0
  @ LINE_EP, 0 : lpx-RAMY-rRr1, RAMY+rRr1, 0, 0, 0, 0, 0, 0, 0
  @ LINE_EP, 0 : lpx-RAMY-rRr1, lpy-RAMY-rRr1, 0, 0, 0, 0, 0, 0, 0
  @ LINE_EP, 0 : RAMX, lpy-RAMY-rRr1, 0, 0, 0, 0, 0, 0, 0
  @ ARC_EPRA, 0 : RAMX-tx1, lpy-RAMY-rRr1-ty1, rRr2+rRr1, 2, 0, 0, 0, 0, 0, 0
  @ ARC_EPRA, 0 : RAMX-tx1, RAMY+rRr1+ty1, rRr3, 1, 0, 0, 0, 0, 0, 1
  @ ARC_EPRA, 0 : RAMX, RAMY+rRr1, rRr2+rRr1, 2, 0, 0, 0, 0, 0, 1
  @ LINE_EP, 0 : RAMX+65, RAMY+rRr1, 0, 0, 0, 0, 0, 0, 0
  @ LINE_EP, 0 : RAMX+75, RAMY+rRr1, 0, -1, 0, 0, 0, 0, 0
  @ ENDPATH, 0 :

@ ROUT, 0 : "159", 0, "1", 0, 0, "", 1, 18, -1, 0, 0, 0, 0, 0, 0, 0, 0, 0, 0, 0, 0, 0, 0, 0, 0, 0, 0, 0, 1, 0, 0, 0, 0, 1, 0, 0, 0, 0, 0, 1, 0, -1, 0, 5000, 18000, 0, 8000, "159", 103, 1, 0, 0, 90, 0, 0, 0, 0, 0, 0, 90, 0, 0, 0, 0, 0, 0, 0, 0, 0, 0, "", 0, 0, 0, 0, 0, 0, 0, 0, 0, "", 5, 0, 20, 80, 60, 0, "", "", "ROUT", 0, 1, 1, 0, 0, 0, 0, 0, 0, 0, 0, 0, 0, 0, 0, 0, 0, 2000, 0, 0.1, 0, 0, 0, 1, 110
  @ START_POINT, 0 : h1+10, RAMY+rRr1+ob, 0
  @ LINE_EP, 0 : h1+60, RAMY+rRr1+ob, 0, 11.3, 0, 0, 0, 0, 0
  @ LINE_EP, 0 : lpx-RAMY-rRr1-ob, RAMY+rRr1+ob, 0, 0, 0, 0, 0, 0, 0
  @ LINE_EP, 0 : lpx-RAMY-rRr1-ob, lpy-RAMY-rRr1-ob, 0, 0, 0, 0, 0, 0, 0
  @ LINE_EP, 0 : h1, lpy-RAMY-rRr1-ob, 0, 0, 0, 0, 0, 0, 0
  @ ARC_EPRA, 0 : ux1, lpy-uy1, rRr2+rRr1+ob, 2, 0, 0, 0, 0, 0, 0
  @ ARC_EPRA, 0 : ux1, uy1, rRr3-ob, 1, 0, 0, 0, 0, 0, 1
  @ ARC_EPRA, 0 : h1, RAMY+rRr1+ob, rRr2+rRr1+ob, 2, 0, 0, 0, 0, 0, 1
  @ LINE_EP, 0 : h1+65, RAMY+rRr1+ob, 0, 0, 0, 0, 0, 0, 0
  @ LINE_EP, 0 : h1+75, RAMY+rRr1+ob, 0, -1, 0, 0, 0, 0, 0
  @ ENDPATH, 0 :

@ ROUT, 0 : "136_2", 0, "1", 0, 0, "", 1, 18, -1, 0, 0, 0, 0, 0, 0, 0, 0, 0, 0, 0, 0, 0, 0, 0, 0, 0, 0, 0, 1, 0, 0, 0, 0, 1, 0, 0, 0, 0, 0, 1, 0, -1, 0, 5000, 18000, 0, 8000, "136", 103, 1, 0, 0, 90, 0, 0, 0, 0, 0, 0, 90, 0, 0, 0, 0, 0, 0, 0, 0, 0, 0, "", 0, 0, 0, 0, 0, 0, 0, 0, 0, "", 5, 0, 20, 80, 60, 0, "", "", "ROUT", 0, 1, 1, 0, 0, 0, 0, 0, 0, 0, 0, 0, 0, 0, 0, 0, 0, 2000, 0, 0.1, 0, 0, 0, 1, 110
  @ START_POINT, 0 : RAMX+10, RAMY, 0
  @ LINE_EP, 0 : RAMX+20, RAMY, 0, 2, 0, 0, 0, 0, 0
  @ LINE_EP, 0 : lpx-RAMY, RAMY, 0, 0, 0, 0, 0, 0, 0
  @ LINE_EP, 0 : lpx-RAMY, lpy-RAMY, 0, 0, 0, 0, 0, 0, 0
  @ LINE_EP, 0 : RAMX, lpy-RAMY, 0, 0, 0, 0, 0, 0, 0
  @ ARC_EPRA, 0 : RAMX-rRr1, lpy-RAMY-rRr1, rRr1, 0, 0, 0, 0, 0, 0, 1
  @ ARC_EPRA, 0 : ux2, lpy-uy2, rRr4, 2, 0, 0, 0, 0, 0, 0
  @ ARC_EPRA, 0 : ux2, uy2, rRr3+rRr1, 1, 0, 0, 0, 0, 0, 1
  @ ARC_EPRA, 0 : RAMX-rRr1, RAMY+rRr1, rRr4, 2, 0, 0, 0, 0, 0, 1
  @ ARC_EPRA, 0 : RAMX, RAMY, rRr1, 1, 0, 0, 0, 0, 0, 0
  @ LINE_EP, 0 : RAMX+25, RAMY, 0, 0, 0, 0, 0, 0, 0
  @ LINE_EP, 0 : RAMX+30, RAMY, 0, -1, 0, 0, 0, 0, 0
  @ ENDPATH, 0 :
  
@ ROUT, 0 : "136_3", 0, "1", 0, 0, "", 1, 18, -1, 0, 0, 0, 0, 0, 0, 0, 0, 0, 0, 0, 0, 0, 0, 0, 0, 0, 0, 0, 1, 0, 0, 0, 0, 1, 0, 0, 0, 0, 0, 1, 0, -1, 0, 5000, 18000, 0, 8000, "136", 103, 1, 0, 0, 90, 0, 0, 0, 0, 0, 0, 90, 0, 0, 0, 0, 0, 0, 0, 0, 0, 0, "", 0, 0, 0, 0, 0, 0, 0, 0, 0, "", 5, 0, 20, 80, 60, 0, "", "", "ROUT", 0, 1, 1, 0, 0, 0, 0, 0, 0, 0, 0, 0, 0, 0, 0, 0, 0, 2000, 0, 0.1, 0, 0, 0, 1, 110
  @ START_POINT, 0 : KANT+20, KANT, 0
  @ LINE_EP, 0 : lpx-KANT, KANT, 1.5, 0, 0, 0, 0, 0, 0
  @ LINE_EP, 0 : lpx-KANT, lpy-KANT, 0, 0, 0, 0, 0, 0, 0
  @ LINE_EP, 0 : KANT, lpy-KANT, 0, 0, 0, 0, 0, 0, 0
  @ LINE_EP, 0 : KANT, KANT, 0, 0, 0, 0, 0, 0, 0
  @ LINE_EP, 0 : KANT+30, KANT, 0, 0, 0, 0, 0, 0, 0
  @ LINE_EP, 0 : KANT+50, KANT, 0, -1, 0, 0, 0, 0, 0
  @ ENDPATH, 0 :
  